chr1 0 0.751517 1.46364 -0.634493
chr1 200000 0.444975 1.40597 -0.9807
chr1 400000 0.203639 1.99359 1.24104
chr1 600000 0.897381 1.71145 1.08213
chr1 800000 1.79366 1.3508 0.639377
chr1 1000000 1.81406 1.61938 -0.409826
chr1 1200000 0.47602 1.43084 -0.139212
chr1 1400000 0.185078 1.25105 0.212083
chr1 1600000 0.437563 1.41634 -0.275877
chr1 1800000 0.943027 1.38225 0.886155
chr1 2000000 0.756887 1.43537 -0.258203
chr1 2200000 0.322473 0.559743 0.168477
chr1 2400000 0.816592 1.04334 -0.341502
chr1 2600000 0.970218 1.39838 -0.193909
chr1 2800000 1.24665 1.73207 0.952691
chr1 3000000 1.22444 0.954299 0.467772
chr1 3200000 -0.669892 0.442676 -0.0305584
chr1 3400000 0.283377 1.60947 0.063066
chr1 3600000 -0.113906 0.786901 -0.377348
chr1 3800000 0.394853 1.43479 -0.0846737
chr1 4000000 0.59725 1.28404 0.331407
chr1 4200000 1.81642 1.74271 0.680334
chr1 4400000 -0.273466 1.33813 -0.165855
chr1 4600000 -0.227895 1.39322 -0.897164
chr1 4800000 0.615972 1.44407 0.52835
chr1 5000000 1.34254 1.31797 0.274226
chr1 5200000 -0.37153 1.55441 0.138125
chr1 5400000 1.35989 0.743428 -0.366028
chr1 5600000 1.70182 -0.216472 0.841376
chr1 5800000 -0.43142 1.13363 -0.876974
chr1 6000000 1.62313 1.62808 0.792367
chr1 6200000 0 0 0
chr1 6400000 0.871497 1.19909 0.512482
chr1 6600000 1.48711 0.215745 0.785445
chr1 6800000 1.11095 1.15459 -0.301225
chr1 7000000 1.03488 0.733542 2.01715
chr1 7200000 0.322541 1.13137 -0.17961
chr1 7400000 1.0031 1.43482 -1.35816
chr1 7600000 0 0 0
chr1 7800000 1.56448 2.3032 1.56362
chr1 8000000 0 0 0
chr1 8200000 -1.33909 2.36374 -0.657046
chr1 8400000 -0.0597 3.05047 -1.89512
chr1 8600000 -0.304408 1.36615 0.103686
chr1 8800000 0.833106 0.808329 0.245272
chr1 9000000 -0.143936 0.84301 0.168419
chr1 9200000 0 0 0
chr1 9400000 -0.735309 1.59271 -1.0429
chr1 9600000 1.73624 1.51741 0.443202
chr1 9800000 0.564282 0.93022 0.021671
chr1 10000000 1.32068 0.0726974 -1.56976
chr1 10200000 1.45214 1.91542 2.10118
chr1 10400000 1.15881 1.69115 0.696036
chr1 10600000 -0.278664 1.24539 -1.19373
chr1 10800000 0.221263 0.780646 0.54049
chr1 11000000 -0.268525 1.75492 -1.36479
chr1 11200000 -0.755207 2.47163 -1.12891
chr1 11400000 -0.113058 1.70919 0.0351248
chr1 11600000 0 0 0
chr1 11800000 0 0 0
chr1 12000000 0 0 0
chr1 12200000 0 0 0
chr1 12400000 -1.67405 0.244613 -1.3415
chr1 12600000 -0.457406 1.77879 -0.843519
chr1 12800000 0 0 0
chr1 13000000 0.378687 1.43237 -0.297482
chr1 13200000 0.492173 1.34618 0.481164
chr1 13400000 0.283236 2.12715 -1.26524
chr1 13600000 0 0 0
chr1 13800000 -0.0647604 1.16012 -0.615243
chr1 14000000 0.158798 2.48016 -0.64688
chr1 14200000 -0.765598 1.85395 -0.526895
chr1 14400000 -0.0101823 0.894765 -1.05157
chr1 14600000 0 1.9052 0.0751155
chr1 14800000 0 0 0
chr1 15000000 0.882464 1.02737 -1.37475
chr1 15200000 0 0 0
chr1 15400000 0.52466 1.84349 1.25083
chr1 15600000 -0.81706 1.52572 -0.866353
chr1 15800000 0 0 0
chr1 16000000 0.931505 0.781162 -0.501928
chr1 16200000 -1.31009 0.829751 -0.457473
chr1 16400000 -0.43142 1.0493 -0.625513
chr1 16600000 -1.02972 0.252928 -0.885735
chr1 16800000 -0.874402 0.788503 -0.754385
chr1 17000000 1.4488 1.01836 -0.0835217
chr1 17200000 0.333503 1.52343 0
chr1 17400000 -0.812455 1.14561 -0.916329
chr1 17600000 -0.353957 1.39615 0.397939
chr1 17800000 0.288103 1.6074 -1.25337
chr1 18000000 0.108911 2.60788 1.95893
chr1 18200000 1.66649 2.0475 0.176007
chr1 18400000 1.71958 1.59421 -0.679779
chr1 18600000 -0.568048 1.84056 -0.693256
chr1 18800000 -1.05482 1.67088 -0.755397
chr1 19000000 0 0 0
chr1 19200000 0 0 0
chr1 19400000 1.72778 1.13784 -0.181722
chr1 19600000 -0.281775 1.31052 -0.386786
chr1 19800000 1.1154 1.30317 1.39064
chr1 20000000 0.0308217 1.25809 -0.235687
chr1 20200000 1.02835 1.85994 -0.587985
chr1 20400000 0.333503 -0.340111 0.290679
chr1 20600000 0.54028 1.48206 0.83981
chr1 20800000 1.09052 2.69369 -1.68012
chr1 21000000 1.44416 2.19185 1.03488
chr1 21200000 1.66955 2.31718 -0.605186
chr1 21400000 0.479303 1.36605 -0.359271
chr1 21600000 0.296615 1.62436 -0.591461
chr1 21800000 1.30823 1.61688 -0.43467
chr1 22000000 -0.819246 2.42138 -0.936499
chr1 22200000 0.41633 1.7403 -0.278211
chr1 22400000 0.690608 1.50724 -1.19111
chr1 22600000 0.583088 0.543982 -0.16183
chr1 22800000 0.867535 1.65368 1.14122
chr1 23000000 0.404259 1.88167 -1.00605
chr1 23200000 -0.296462 1.64496 -0.960262
chr1 23400000 0.433183 2.16235 -1.21428
chr1 23600000 0.643219 1.69995 -0.691901
chr1 23800000 1.3127 2.04785 -1.08938
chr1 24000000 0.988445 1.81045 -0.610768
chr1 24200000 -0.0181113 2.54555 -1.04019
chr1 24400000 0.315324 1.57183 1.09226
chr1 24600000 0.950059 2.20099 -0.802784
chr1 24800000 0.748251 1.75497 -0.439175
chr1 25000000 0.649 1.32853 0.210424
chr1 25200000 0.440329 1.98945 -0.816289
chr1 25400000 -0.0908697 1.49533 -0.872602
chr1 25600000 -0.45364 2.27044 -1.22019
chr1 25800000 0.377726 1.77225 -1.28307
chr1 26000000 1.35647 2.36175 -0.180808
chr1 26200000 0.650358 1.31891 -0.105457
chr1 26400000 1.4439 1.08222 0.641488
chr1 26600000 1.73952 1.54675 1.89942
chr1 26800000 1.11489 1.76839 -0.554771
chr1 27000000 0.229534 1.67671 -1.2343
chr1 27200000 0.357564 2.32069 -1.22357
chr1 27400000 0.42194 2.09032 -1.46347
chr1 27600000 0.780657 1.31295 -0.285291
chr1 27800000 0.931341 1.61364 -0.894465
chr1 28000000 0.0753017 1.70982 -1.07939
chr1 28200000 0.683683 1.74072 -0.796467
chr1 28400000 0.405821 2.14538 -0.576209
chr1 28600000 0.637433 1.70332 -1.02614
chr1 28800000 0.90471 1.93965 -1.08758
chr1 29000000 0.594644 2.00601 -0.836794
chr1 29200000 0.827715 1.87475 -0.830893
chr1 29400000 0.896119 2.69223 -0.690845
chr1 29600000 0.4877 2.25312 -1.33804
chr1 29800000 0.672838 2.29336 -1.35124
chr1 30000000 0.51368 1.89743 -0.631679
chr1 30200000 0.772988 2.06619 -1.03656
chr1 30400000 -0.443387 2.12835 -0.912575
chr1 30600000 0.744424 2.21169 -1.43235
chr1 30800000 0.147063 2.10314 -0.782382
chr1 31000000 0.32709 2.12407 -1.09858
chr1 31200000 -0.362521 2.28989 -1.15307
chr1 31400000 -0.178547 2.31456 -1.15242
chr1 31600000 0.347315 2.30828 -1.27895
chr1 31800000 0.137458 2.18408 -1.17045
chr1 32000000 0.506444 1.75039 -0.695843
chr1 32200000 0.307558 2.18952 -0.893169
chr1 32400000 0.198146 2.11492 -0.832054
chr1 32600000 0.558896 2.22355 -0.87113
chr1 32800000 -0.0567744 2.09158 -0.827086
chr1 33000000 0.854381 1.60857 -0.742021
chr1 33200000 0.0118768 2.61537 -1.41185
chr1 33400000 0.586935 2.02287 -0.909878
chr1 33600000 0.421517 1.78891 -1.02808
chr1 33800000 0.526691 1.68344 -0.77184
chr1 34000000 0.369697 2.09746 -0.932367
chr1 34200000 0.611178 2.07529 -0.846859
chr1 34400000 0.171464 2.20955 -1.17663
chr1 34600000 0.44922 2.07965 -0.985253
chr1 34800000 0.234774 2.20628 -1.1777
chr1 35000000 0.282965 1.87715 -0.966988
chr1 35200000 0.432488 1.87069 -0.440351
chr1 35400000 0.794427 1.98872 -0.732257
chr1 35600000 0.434964 1.96362 -0.773816
chr1 35800000 0.402726 1.95356 -1.04856
chr1 36000000 0.317266 2.44657 -1.0954
chr1 36200000 0.504377 1.77579 -1.3647
chr1 36400000 0.273118 2.07395 -1.00991
chr1 36600000 0.431074 2.01913 -0.941011
chr1 36800000 -0.397234 2.32945 -0.949871
chr1 37000000 0.017886 1.98133 -1.10353
chr1 37200000 -0.0567177 1.96117 -1.07796
chr1 37400000 0.261614 1.97079 -0.925077
chr1 37600000 0.278263 2.11001 -0.947435
chr1 37800000 -0.198724 1.93664 -0.88243
chr1 38000000 0.293246 2.08481 -1.02167
chr10 0 0.0521562 1.94486 -1.12195
chr10 200000 0.502355 2.00516 -0.992935
chr10 400000 0.407938 1.97695 -0.723907
chr10 600000 0.47014 2.31668 -0.922651
chr10 800000 0.526853 2.11386 -1.09964
chr10 1000000 0.210939 2.15571 -1.07497
chr10 1200000 0.198924 2.3499 -1.2745
chr10 1400000 0.229645 2.26121 -1.01925
chr10 1600000 -0.0524411 2.00535 -0.945281
chr10 1800000 -0.213189 1.60241 -1.02437
chr10 2000000 0.0961093 1.66105 -1.015
chr10 2200000 -0.187028 1.57508 -0.962908
chr10 2400000 -0.468484 1.71826 -1.04079
chr10 2600000 0.321757 1.12906 -0.570889
chr10 2800000 0.119645 1.45486 -0.72604
chr10 3000000 -0.742295 1.61558 -0.513146
chr10 3200000 -0.027549 1.51358 -1.02502
chr10 3400000 0.192896 1.47093 -0.69456
chr10 3600000 0.569367 1.6774 -0.764014
chr10 3800000 -0.349976 1.80576 -1.19995
chr10 4000000 0.306731 1.53996 -0.819978
chr10 4200000 1.14418 1.34079 -0.265595
chr10 4400000 -0.261997 1.66404 -1.23995
chr10 4600000 -0.23278 1.42918 -0.964117
chr10 4800000 -0.494288 2.04365 -0.894307
chr10 5000000 -0.022599 1.48774 -0.677794
chr10 5200000 0.583142 1.16916 -0.361228
chr10 5400000 0.117485 1.54096 -0.6687
chr10 5600000 0.146727 1.86051 -0.543562
chr10 5800000 0.754291 1.49669 -0.123262
chr10 6000000 -0.665282 1.69574 -0.79965
chr10 6200000 0.238176 1.71282 -0.804973
chr10 6400000 0.603653 2.18055 -1.02042
chr10 6600000 -0.592905 2.35645 -1.11773
chr10 6800000 -0.322268 1.5775 -0.848866
chr10 7000000 -0.72912 1.89704 -1.01223
chr10 7200000 -0.179852 2.26988 -1.04542
chr10 7400000 -0.849929 1.93206 -1.0263
chr10 7600000 -0.177851 2.08934 -0.570167
chr10 7800000 0.358423 2.17371 -1.09218
chr10 8000000 -0.10294 2.01597 -1.14538
chr10 8200000 0.655375 1.40215 -0.355164
chr10 8400000 0.917545 1.02471 0.284474
chr10 8600000 0.649746 1.28517 -0.399558
chr10 8800000 1.32644 1.05077 -0.549041
chr10 9000000 -0.0298347 1.66425 -0.649168
chr10 9200000 0 0.440521 0.143937
chr10 9400000 0.688632 0.654273 -0.46354
chr10 9600000 0.405677 2.22344 -1.33423
chr10 9800000 0.856613 1.09308 -0.683294
chr10 10000000 0.161326 1.63387 -0.638892
chr10 10200000 1.5611 1.2056 0.673205
chr10 10400000 1.14655 1.41518 0.119892
chr10 10600000 0.302278 1.36685 0.0569584
chr10 10800000 0.202897 0.931653 -1.26524
chr10 11000000 0.0408581 2.15832 -0.0628681
chr10 11200000 0.983 1.2463 -1.35219
chr10 11400000 0.768415 2.24384 -1.37952
chr10 11600000 0.880077 1.17904 0.416096
chr10 11800000 0 0 0
chr10 12000000 0 0 0
chr10 12200000 0.663854 1.23505 0.0779811
chr10 12400000 0 2.09087 0.8986
chr10 12600000 0.544832 0.892419 -0.504874
chr10 12800000 -1.36804 0.830233 -1.0997
chr10 13000000 -0.025104 1.26627 -0.210262
chr10 13200000 0.0693522 2.27439 -0.283763
chr10 13400000 0 0 0
chr10 13600000 0.67485 1.69403 -1.18788
chr10 13800000 0 0 0
chr10 14000000 0.269183 1.97402 -1.2866
chr10 14200000 -0.107757 1.16883 0.236513
chr10 14400000 0.677408 2.11146 -1.51281
chr10 14600000 -0.137015 0.483701 -0.600949
chr10 14800000 0 0 0
chr10 15000000 1.44416 1.99082 0.0693522
chr10 15200000 -0.363928 2.14118 -1.70888
chr10 15400000 0.0812425 2.0476 -0.982925
chr10 15600000 -0.137015 2.61256 -1.02343
chr10 15800000 1.081 2.17379 -0.62957
chr10 16000000 1.44416 2.28157 -1.76999
chr10 16200000 0.80427 0.916226 -1.01589
chr10 16400000 0.145917 1.44804 0.165642
chr10 16600000 0 0 0
chr10 16800000 0 1.79181 -0.992335
chr10 17000000 -0.973842 2.4336 -1.70336
chr10 17200000 -0.331993 1.88444 -0.69424
chr10 17400000 0 0 0
chr10 17600000 1.14741 1.61893 -0.928358
chr10 17800000 0.384141 2.39091 -1.4138
chr10 18000000 0.794603 0.777707 0.630437
chr10 18200000 -0.264358 2.15492 -1.00268
chr10 18400000 0.886307 1.7721 -1.46496
chr10 18600000 0 0 0
chr10 18800000 0 2.17272 0
chr10 19000000 0.717523 1.48282 0.47602
chr10 19200000 1.73305 1.3974 0.484913
chr10 19400000 0.368528 2.08031 -0.475294
chr10 19600000 0.690263 1.84677 0.408601
chr10 19800000 0 0 0
chr10 20000000 1.27889 0.757874 -0.41207
chr10 20200000 0.908924 1.88535 -0.000516922
chr10 20400000 1.33809 1.82328 1.54165
chr10 20600000 0.651865 1.54108 -0.360059
chr10 20800000 -0.0176047 1.57434 -0.973801
chr10 21000000 -0.381413 1.90806 -0.869001
chr10 21200000 0.84405 2.00628 -1.62181
chr10 21400000 -0.0889729 1.84614 -0.638843
chr10 21600000 0.643118 2.43552 -0.0221857
chr10 21800000 1.42874 1.88669 0.897726
chr10 22000000 -0.256 1.17296 -0.965597
chr10 22200000 0.383261 1.29195 -0.815415
chr10 22400000 0.284818 1.17814 -0.486396
chr10 22600000 0.871638 1.59678 -0.329753
chr10 22800000 -0.0745582 1.73816 -1.22133
chr10 23000000 0.299946 1.44139 -0.360231
chr10 23200000 0.255547 1.72374 -0.758959
chr10 23400000 0.629265 0.859355 -0.319248
chr10 23600000 0 0 0
chr10 23800000 0.504928 1.82737 -0.885288
chr10 24000000 0.687977 2.05763 -1.23977
chr10 24200000 0.300619 1.81115 -0.473233
chr10 24400000 1.01706 1.87976 0.13803
chr10 24600000 0.500313 1.66081 -0.769596
chr10 24800000 0.450049 1.24529 -0.727165
chr10 25000000 0.38849 1.51822 -1.07207
chr10 25200000 -0.478431 2.66066 -1.24683
chr10 25400000 0.240868 1.87318 -0.908166
chr10 25600000 0.0820015 1.43106 -1.20178
chr10 25800000 0.9434 1.07475 1.3908
chr10 26000000 0.790874 1.59509 -0.84768
chr10 26200000 0.663964 1.71176 -0.590303
chr10 26400000 0.0123879 2.08835 -0.970719
chr10 26600000 0.282 2.12044 -1.5038
chr10 26800000 0.224824 2.41019 -1.04155
chr10 27000000 0.156969 1.50973 -0.592514
chr10 27200000 0.793629 1.35134 0.126268
chr10 27400000 0.285414 1.81664 -0.670469
chr10 27600000 0 1.94684 1.44416
chr11 0 -0.272064 1.29568 -1.1497
chr11 200000 0.274929 1.05869 -1.36614
chr11 400000 0.11518 1.39618 -0.858601
chr11 600000 0.300668 1.7719 -0.723256
chr11 800000 0.682814 1.62228 -0.0440439
chr11 1000000 0.298987 1.73196 -0.589832
chr11 1200000 -0.540907 3.01553 -1.05095
chr11 1400000 -0.0104311 1.57551 -0.026832
chr11 1600000 0.397555 1.72933 0.0941544
chr11 1800000 1.38793 1.89011 -0.021897
chr11 2000000 1.44416 1.35929 0.531302
chr11 2200000 0.176269 1.51572 0.277973
chr11 2400000 1.53653 1.67423 1.2932
chr11 2600000 0.92853 1.50407 0.0759315
chr11 2800000 1.14958 1.55649 0.640416
chr11 3000000 0.825475 1.06153 -0.347978
chr11 3200000 0 0 0
chr11 3400000 0 1.24289 1.79366
chr11 3600000 1.36308 1.48627 0.494258
chr11 3800000 0.0421054 1.82117 -0.998689
chr11 4000000 0.767214 0.535095 0.3248
chr11 4200000 2.13978 1.67734 0
chr11 4400000 0.327865 1.84424 -0.819001
chr11 4600000 0.498674 2.4092 -0.953842
chr11 4800000 0.526556 1.22687 -0.976027
chr11 5000000 0.450964 1.68499 0.29438
chr11 5200000 -0.180844 1.26209 1.10113
chr11 5400000 0.993783 1.77921 -1.3765
chr11 5600000 0.610419 2.31366 -0.820046
chr11 5800000 0.575442 1.50505 -0.0504468
chr11 6000000 0.379102 0.587616 1.06704
chr11 6200000 1.47992 0.937722 0.436827
chr11 6400000 1.93401 1.59504 1.56729
chr11 6600000 0.484294 1.24691 0.653103
chr11 6800000 0.483583 1.73423 -0.726625
chr11 7000000 0.395234 2.45503 -0.393902
chr11 7200000 -0.707293 1.49947 -0.453088
chr11 7400000 -0.701182 0.981988 -0.297716
chr11 7600000 -1.02972 1.97213 1.88987
chr11 7800000 1.69552 2.61973 -0.718677
chr11 8000000 0.485229 1.36596 1.4777
chr11 8200000 0 0 0
chr11 8400000 0 1.48611 0.333503
chr11 8600000 0.712013 1.91012 1.10193
chr11 8800000 1.07079 1.39826 -0.0630895
chr11 9000000 0 0 0
chr11 9200000 0 1.71069 -0.978683
chr11 9400000 0 0 0
chr11 9600000 -0.202043 2.2252 -0.58169
chr11 9800000 0.524128 2.11804 0.174526
chr11 10000000 1.79366 1.82233 1.9818
chr11 10200000 0.681595 -1.7989 0.85281
chr11 10400000 0 2.00634 0.838697
chr11 10600000 0.0952854 1.75587 -0.595202
chr11 10800000 -0.562461 0.610702 0.534536
chr11 11000000 0.302157 0.932407 -0.131963
chr11 11200000 -0.129908 1.07849 -0.943403
chr11 11400000 0.500682 1.42801 0.509248
chr11 11600000 0.975891 0.706566 0.756315
chr11 11800000 -0.111914 1.71469 -0.602971
chr11 12000000 -0.429607 1.1197 -0.705405
chr11 12200000 0.598952 1.72227 -0.681083
chr11 12400000 0.473034 1.4263 -0.0649205
chr11 12600000 0 1.19062 0.333503
chr11 12800000 -1.67405 1.83895 -1.17554
chr11 13000000 0 0 0
chr11 13200000 -0.805563 3.23986 -1.82079
chr11 13400000 0 0 0
chr11 13600000 0 0 0
chr11 13800000 0 0 0
chr11 14000000 0 1.98004 -0.876974
chr11 14200000 0.0302512 1.95378 -1.43189
chr11 14400000 0 1.90022 0.0509604
chr11 14600000 0 0 0
chr11 14800000 -0.381603 2.65154 -1.63194
chr11 15000000 1.07399 2.73736 -0.807862
chr11 15200000 0 -0.768572 0.0812425
chr11 15400000 0.117097 0.198713 -0.731294
chr11 15600000 1.833 1.70828 1.24737
chr11 15800000 1.33739 1.5811 0.0533587
chr11 16000000 0.342096 1.68747 0.782215
chr11 16200000 0.864349 0.765262 0.567576
chr11 16400000 0.00741597 0.822915 -0.433277
chr11 16600000 -0.0450359 1.11115 0.368761
chr11 16800000 0.382104 1.65738 -0.214144
chr11 17000000 1.8285 1.11947 -1.32334
chr11 17200000 0 1.10851 0.797392
chr11 17400000 0.305613 2.33624 -0.492993
chr11 17600000 0.480793 0.610454 0.0273194
chr11 17800000 0 1.79014 0.950536
chr11 18000000 -0.476155 1.77928 -0.739825
chr11 18200000 0.896717 1.31677 -0.841338
chr11 18400000 0.10231 1.12105 -1.04902
chr11 18600000 0.425912 0.960278 -0.443567
chr11 18800000 0 0 0
chr11 19000000 0.183872 1.79425 -0.163153
chr11 19200000 1.42451 1.43187 -0.0310881
chr11 19400000 -0.726731 0.619447 -1.72322
chr11 19600000 1.51988 1.13412 -0.0697054
chr11 19800000 0.780799 1.69909 -0.0292342
chr11 20000000 0.0438092 1.88085 -0.683446
chr11 20200000 -0.516174 1.76774 -0.983908
chr11 20400000 -0.425707 1.63757 0.732336
chr11 20600000 0.639944 2.3116 0.18703
chr11 20800000 0.567214 1.30997 0.712882
chr11 21000000 0.726107 1.16906 0.220994
chr11 21200000 0.861167 1.18997 0.539561
chr11 21400000 0.844786 1.42689 -1.03381
chr11 21600000 0.335638 1.6544 -0.401418
chr11 21800000 1.3712 1.17964 0.247431
chr11 22000000 0.505631 0.532503 1.282
chr11 22200000 0.795389 1.25673 0.487362
chr11 22400000 -0.241048 2.05772 -0.791294
chr11 22600000 0.870706 1.58402 -0.0135381
chr11 22800000 1.15192 1.71262 1.18985
chr11 23000000 0.971006 1.35307 0.22101
chr11 23200000 0.653082 1.36049 0.713726
chr11 23400000 0.722175 1.77323 0.561086
chr11 23600000 0.897747 1.83584 -0.41777
chr11 23800000 0.941834 1.28616 0.450219
chr11 24000000 0.545514 1.25556 0.490987
chr11 24200000 0.933669 1.52717 1.18151
chr11 24400000 1.55274 2.13347 0.525762
chr11 24600000 0.365681 1.68626 -0.270689
chr11 24800000 2.35927 2.42772 0.175414
chr11 25000000 1.02064 1.98563 0.438767
chr11 25200000 0.682804 1.98287 -0.564225
chr11 25400000 0.768466 1.3418 -0.898906
chr11 25600000 0.467203 1.68568 -0.383817
chr11 25800000 0.181141 1.37547 -1.00707
chr11 26000000 0.137573 1.69128 -0.998754
chr11 26200000 -0.0768832 1.70549 -0.959949
chr11 26400000 0.158994 1.47629 -0.469775
chr11 26600000 0.790557 1.38624 -0.551686
chr11 26800000 1.39195 1.07688 0.859437
chr11 27000000 0.0322069 1.38842 -0.653912
chr11 27200000 0.629787 1.32275 -0.864595
chr11 27400000 0.721153 1.54019 -1.03713
chr11 27600000 0.432764 1.13693 -1.10799
chr11 27800000 -0.112062 1.81964 -1.18304
chr11 28000000 0.704354 1.46919 -1.16401
chr11 28200000 0.229383 1.81871 -1.02925
chr11 28400000 0.489398 1.67127 -0.942271
chr11 28600000 0.830989 1.04734 -1.00048
chr11 28800000 0.106294 1.49019 -0.987738
chr11 29000000 0.461601 1.50255 -0.785511
chr11 29200000 0.383052 1.44236 -1.03237
chr11 29400000 -0.259565 1.2497 -0.985455
chr11 29600000 0.323178 1.48645 -0.910711
chr11 29800000 0.659697 1.54347 -0.712369
chr11 30000000 -0.0151241 1.51854 -0.876195
chr11 30200000 -0.312846 1.75905 -1.1593
chr11 30400000 -0.0759088 1.42005 -0.736046
chr11 30600000 0.0152886 1.38047 -0.701853
chr11 30800000 -0.0697976 1.23793 -1.14062
chr11 31000000 0.12156 1.31834 -1.05
chr11 31200000 0.441975 1.49071 -0.987509
chr11 31400000 -0.331537 1.21567 -1.12586
chr11 31600000 0.666977 1.5517 -0.923592
chr11 31800000 -0.182497 1.21191 -0.937493
chr11 32000000 -0.212797 1.45217 -1.31662
chr11 32200000 -0.298968 1.50561 -0.962699
chr11 32400000 -0.109057 1.6547 -1.11239
chr11 32600000 -0.020762 1.41041 -1.14916
chr11 32800000 0.199462 1.27237 -0.850651
chr11 33000000 -0.120825 1.28531 -1.212
chr11 33200000 0.0426476 1.50508 -0.999439
chr11 33400000 -0.00220643 0.795374 -0.959624
chr2 0 0.4826 2.10258 -0.78594
chr2 200000 0.194683 2.23531 -0.973611
chr2 400000 0.0757528 2.22256 -1.07344
chr2 600000 0.285943 2.0158 -0.672805
chr2 800000 0.44428 2.01902 -0.667951
chr2 1000000 0.103891 2.02833 -1.05035
chr2 1200000 0.253066 1.68172 -0.910004
chr2 1400000 0.0634331 2.21651 -1.27045
chr2 1600000 1.06295 1.72586 -1.01615
chr2 1800000 -0.48078 2.12719 -0.764266
chr2 2000000 -0.343989 2.06047 -1.08001
chr2 2200000 -0.0198173 1.66127 -0.763063
chr2 2400000 0.222334 1.91535 -0.62718
chr2 2600000 0.47032 2.18114 -1.03182
chr2 2800000 -0.226774 1.63124 -0.550791
chr2 3000000 -0.0307925 1.84847 -0.785052
chr2 3200000 0.141896 1.95674 -0.960495
chr2 3400000 0.162191 2.18828 -1.01227
chr2 3600000 0.35622 2.05579 -1.07123
chr2 3800000 0.404177 1.30742 -0.716295
chr2 4000000 -0.0780469 1.8503 -1.24169
chr2 4200000 -0.0302028 1.91338 -1.18614
chr2 4400000 0.39057 1.62531 -0.895325
chr2 4600000 0.0950449 1.96708 -0.825317
chr2 4800000 0.0253245 1.96018 -1.05389
chr2 5000000 -0.252209 2.06034 -1.2048
chr2 5200000 -0.437216 1.82257 -1.05951
chr2 5400000 -0.466922 2.16623 -1.28808
chr2 5600000 0.188105 1.77068 -0.878124
chr2 5800000 -0.658654 2.26867 -1.41044
chr2 6000000 0.057439 1.35251 -0.954013
chr2 6200000 0.291551 1.8518 -0.811222
chr2 6400000 0.49627 1.48676 -0.468864
chr2 6600000 0.924367 1.18812 -0.659968
chr2 6800000 0.333292 1.53764 -0.516831
chr2 7000000 0.021769 1.99417 -0.899231
chr2 7200000 0.461823 1.60807 -0.928593
chr2 7400000 0.546327 1.8214 -0.923891
chr2 7600000 0.453076 1.63497 -0.861918
chr2 7800000 -0.231234 1.95314 -1.21678
chr2 8000000 0.555873 1.87231 -0.614444
chr2 8200000 1.00006 1.56934 -0.365859
chr2 8400000 0.232709 1.30292 -1.02483
chr2 8600000 0.176204 1.81419 -1.12525
chr2 8800000 0.0984526 2.21865 -1.22785
chr2 9000000 -0.54918 2.09824 -0.80152
chr2 9200000 -0.0702767 1.88333 -0.499581
chr2 9400000 0.124686 1.93215 -1.15806
chr2 9600000 0.625097 2.47602 -1.22427
chr2 9800000 0.139058 1.99955 -0.718677
chr2 10000000 0.15562 1.94164 0.208562
chr2 10200000 0.00507201 1.86946 -0.583486
chr2 10400000 -0.37941 2.2332 -1.24684
chr2 10600000 0.149872 1.5861 -0.720233
chr2 10800000 0.998496 2.61603 0.0374134
chr2 11000000 0.44301 2.28561 -0.56845
chr2 11200000 0.148061 2.01456 -0.855096
chr2 11400000 0.108576 2.15888 -0.803209
chr2 11600000 -0.0228877 2.21181 -1.02555
chr2 11800000 -0.394297 2.03602 -1.10255
chr2 12000000 -0.110744 1.83619 -0.604391
chr2 12200000 -0.244479 2.42355 0.0475423
chr2 12400000 0.357267 1.85743 -0.526179
chr2 12600000 0.602665 1.93433 -0.558446
chr2 12800000 -0.242435 2.00232 0.00627334
chr2 13000000 0.360413 1.83206 -0.905036
chr2 13200000 -0.197475 1.64684 -0.613945
chr2 13400000 1.415 1.88272 1.33341
chr2 13600000 0.597836 1.37189 0.12867
chr2 13800000 1.14678 1.93065 -0.928546
chr2 14000000 0.399783 1.86435 -1.37694
chr2 14200000 0.237228 2.06063 -1.00545
chr2 14400000 1.36334 1.58553 0.778913
chr2 14600000 1.66935 1.19194 0.577708
chr2 14800000 0.165843 1.30132 -0.674429
chr2 15000000 -0.28207 1.77264 -1.28797
chr2 15200000 0.0107585 1.93906 -0.926315
chr2 15400000 -0.296292 1.41813 -1.20692
chr2 15600000 0.167014 1.4127 -0.798268
chr2 15800000 -0.291064 1.44272 -1.14944
chr2 16000000 -0.650026 1.21425 -0.765225
chr2 16200000 0.190191 1.33142 -1.02847
chr2 16400000 -0.102667 1.5291 -1.06443
chr2 16600000 0.734794 1.63984 -0.923485
chr2 16800000 -0.012851 1.53193 -0.992576
chr2 17000000 -0.357407 1.30977 -1.27865
chr2 17200000 0.281445 1.32126 -1.18308
chr2 17400000 -0.204058 1.39579 -1.05298
chr2 17600000 0.605069 1.36491 -0.763876
chr2 17800000 0.599616 1.41524 -0.907413
chr2 18000000 0.614178 1.53784 -0.740299
chr2 18200000 0.41676 1.65395 -1.15919
chr2 18400000 0.412519 1.42988 -0.513043
chr2 18600000 0.0513864 1.12325 -0.904751
chr2 18800000 0.198426 1.36177 -0.701175
chr2 19000000 0.0764038 1.77027 -1.06218
chr2 19200000 0.460876 1.48849 -1.21055
chr2 19400000 -0.155006 1.8195 -1.13867
chr2 19600000 -0.110396 1.62329 -1.04218
chr2 19800000 0.533015 1.50428 -0.369337
chr2 20000000 0.0270307 1.96599 -1.3145
chr2 20200000 -0.608338 2.21434 -1.29123
chr2 20400000 0.50547 1.87077 -1.03599
chr2 20600000 0.589336 1.85602 -1.05741
chr2 20800000 0.159427 1.91751 -1.24832
chr2 21000000 0.0854587 2.10636 -1.17412
chr2 21200000 0.660242 1.74874 -0.497445
chr2 21400000 0.351505 1.62651 -0.796777
chr2 21600000 0.348722 2.415 -1.18074
chr2 21800000 0.0699769 1.30974 -0.828618
chr2 22000000 -0.34693 2.14213 -1.14028
chr2 22200000 -0.803381 1.84109 -0.892209
chr2 22400000 -0.975478 1.85449 -1.42163
chr2 22600000 0.6246 1.89131 -0.830764
chr2 22800000 -0.838385 2.22661 -0.871628
chr2 23000000 0.317115 1.39796 -0.329382
chr2 23200000 -0.163653 1.82881 -1.29498
chr2 23400000 0.340189 1.19304 -0.939309
chr2 23600000 0.0540186 1.70627 -1.55907
chr2 23800000 -0.184412 1.66204 -0.60364
chr2 24000000 0.882612 1.22334 0.266063
chr2 24200000 1.14167 1.39652 0.00998927
chr2 24400000 0.666406 2.1217 -0.606161
chr2 24600000 0.28338 2.52993 -0.629845
chr2 24800000 0.72192 1.92355 -1.11788
chr2 25000000 -1.05482 1.40151 0.21135
chr2 25200000 0.94617 1.83844 -0.126039
chr2 25400000 0.474445 1.95891 -0.39908
chr2 25600000 0.734346 2.66198 -0.916739
chr2 25800000 0.505768 2.23383 -1.54146
chr2 26000000 0.992064 2.08765 -1.06581
chr2 26200000 0.498864 1.147 -0.883822
chr2 26400000 0.346366 2.42484 -1.48383
chr2 26600000 0.976857 1.77293 -0.669151
chr2 26800000 0.536798 1.86143 -0.293048
chr2 27000000 -0.00200784 1.77003 -1.05341
chr2 27200000 0.114043 2.15126 -0.642353
chr2 27400000 1.02216 1.90066 2.38427
chr2 27600000 0.815011 1.95172 -0.730842
chr2 27800000 0 0 0
chr2 28000000 0.333503 0.853976 0.781097
chr2 28200000 0.254091 2.54702 -0.855547
chr2 28400000 0.464125 2.00217 -1.22539
chr2 28600000 0.0137128 2.62245 -1.28977
chr2 28800000 0.953898 1.18251 -0.486828
chr2 29000000 1.11593 1.26302 -0.389439
chr2 29200000 -1.03244 1.24144 -0.860742
chr2 29400000 0.259261 1.91592 1.36401
chr2 29600000 1.44416 1.18022 0
chr2 29800000 0 0 0
chr2 30000000 -1.50393 1.2714 -1.54665
chr2 30200000 -0.717277 2.61286 -1.65354
chr2 30400000 0.254406 1.98038 -0.541372
chr2 30600000 0.0713801 1.0881 -0.666549
chr2 30800000 0.185596 1.23391 0.0935004
chr2 31000000 0.214531 1.27238 -0.447794
chr2 31200000 -1.05482 2.78554 0.105813
chr2 31400000 -1.4213 1.90022 -1.63982
chr2 31600000 -0.812455 2.64949 -1.75686
chr2 31800000 0 0 0
chr2 32000000 -0.333966 1.47611 -1.33558
chr2 32200000 -1.17532 1.9262 -1.24868
chr2 32400000 1.44416 0.351953 -1.31009
chr2 32600000 1.2684 2.13401 0.107209
chr2 32800000 1.47376 1.96239 2.1052
chr2 33000000 0 0 0
chr2 33200000 1.33191 1.51899 1.00966
chr2 33400000 1.86487 1.32485 1.16727
chr2 33600000 1.4207 1.7033 1.08448
chr2 33800000 0.828945 1.6875 0.195282
chr2 34000000 -0.540684 0.399587 -0.775892
chr2 34200000 0.333503 0.525011 -1.05482
chr2 34400000 -0.352049 2.93478 -1.56981
chr2 34600000 -0.527474 2.84822 -0.989878
chr2 34800000 1.06776 1.59443 -0.403878
chr2 35000000 0 2.80398 0
chr2 35200000 0 0 0
chr2 35400000 -0.711436 2.32435 -0.0549589
chr2 35600000 0.514951 2.17269 -1.72322
chr2 35800000 0.596555 1.00559 0.89185
chr2 36000000 0 0 0
chr2 36200000 0 1.93924 2.10118
chr2 36400000 1.34181 1.82995 0.463802
chr2 36600000 -0.658688 0.895077 -0.98439
chr2 36800000 -1.04198 2.63736 -0.885032
chr2 37000000 0.0494305 2.3951 -1.21025
chr2 37200000 -0.435782 2.74181 -1.3552
chr2 37400000 -1.05482 1.87168 0.000505143
chr2 37600000 -0.839382 0.389851 -1.67405
chr2 37800000 0.34281 0.0367335 0.793866
chr2 38000000 0.076523 2.10287 -1.28024
chr2 38200000 0.674106 1.84048 -0.412973
chr2 38400000 -0.649553 2.93804 -1.10483
chr2 38600000 -0.713488 1.74614 -0.72284
chr2 38800000 -0.43142 1.86749 -1.38172
chr2 39000000 0.226566 1.05191 -0.171245
chr2 39200000 0.625416 2.23472 -1.15478
chr2 39400000 0.0760491 1.76808 0.1855
chr2 39600000 0.362079 2.25519 -1.16983
chr2 39800000 0.314186 2.40739 -1.03165
chr2 40000000 0.287867 2.71077 -1.5171
chr2 40200000 -0.727781 2.41976 0
chr2 40400000 1.57199 2.15766 -0.401074
chr2 40600000 0.55695 1.456 -0.104171
chr2 40800000 0.380158 2.60968 -1.06966
chr2 41000000 0 1.79014 0
chr2 41200000 -0.64821 2.43491 -1.22048
chr2 41400000 -0.0625838 1.96333 -0.959961
chr2 41600000 -0.347106 1.63823 -0.624568
chr2 41800000 -0.413622 2.11432 -0.0767589
chr2 42000000 -0.351923 2.82467 -0.979895
chr2 42200000 0.819209 2.18411 -0.378538
chr2 42400000 0 1.19062 0
chr2 42600000 0.530194 1.70996 -0.841247
chr2 42800000 0 0 0
chr2 43000000 -0.36534 1.80574 -1.05197
chr2 43200000 0.383823 1.42139 -0.18564
chr2 43400000 -1.1813 1.59961 0.110578
chr2 43600000 0.398382 2.14313 -0.337121
chr2 43800000 -0.261217 1.80875 -0.708995
chr2 44000000 -0.221747 0.706363 -1.63982
chr2 44200000 0.598335 2.29293 0.0103103
chr2 44400000 -0.117847 2.29215 -0.903675
chr2 44600000 0.423865 1.62975 0.342221
chr2 44800000 1.21029 0.967948 -0.149842
chr2 45000000 1.08824 0.906401 -0.591721
chr2 45200000 0.745001 1.58945 -0.429876
chr2 45400000 0.536783 1.11908 -0.0141545
chr2 45600000 -0.208255 2.08459 -1.20307
chr2 45800000 -0.403959 1.77541 -1.15386
chr2 46000000 -0.529171 1.18879 -1.35375
chr2 46200000 0.157581 1.22466 -1.26373
chr2 46400000 0.27213 2.43766 -1.23719
chr2 46600000 -0.913538 1.45956 -0.65896
chr2 46800000 0.787245 1.82043 -1.22273
chr2 47000000 0.589554 1.9099 0.00732989
chr2 47200000 0.774547 2.2047 -0.28417
chr2 47400000 0.0835999 1.43209 -0.771733
chr2 47600000 0.299726 1.36396 -1.13557
chr2 47800000 1.30639 1.41604 -0.136965
chr2 48000000 0.514845 1.63935 -1.03007
chr2 48200000 0.53298 1.69388 -0.672992
chr2 48400000 -0.251226 1.22743 -0.677436
chr2 48600000 -0.178219 1.77242 -1.30836
chr2 48800000 0.628722 1.6592 -1.1006
chr2 49000000 0.695532 1.17345 -0.97598
chr2 49200000 -0.145533 2.21917 -0.282883
chr2 49400000 0.273214 1.91061 -0.907112
chr2 49600000 0.836303 1.99263 -1.13411
chr2 49800000 0.373546 2.00824 -1.15175
chr2 50000000 0.388346 1.41766 -0.887601
chr2 50200000 1.36203 1.2925 0.453787
chr2 50400000 -0.122237 1.94995 1.52428
chr2 50600000 1.10243 0.689403 0.33058
chr2 50800000 0 -0.794029 -0.726731
chr2 51000000 0.457968 1.33311 -1.03509
chr2 51200000 0.323892 1.58886 -1.3038
chr2 51400000 0.378618 1.25795 -0.335526
chr2 51600000 0.699373 1.88901 -1.16671
chr2 51800000 0.560434 1.35799 -0.705538
chr2 52000000 -0.40257 1.81433 -1.1001
chr2 52200000 -0.066563 1.25641 -0.571185
chr2 52400000 0.0767703 1.13731 -0.155089
chr2 52600000 -0.308362 2.04345 -1.2739
chr2 52800000 0.0978081 2.02946 -0.784554
chr2 53000000 0.199718 2.02573 -1.16391
chr2 53200000 0.0618178 2.03705 -0.696031
chr2 53400000 0.193376 1.87717 -0.892106
chr2 53600000 0.778333 1.98069 -1.21194
chr2 53800000 0.25281 1.68945 -0.877271
chr2 54000000 0.409297 1.70627 -0.968699
chr2 54200000 0.404189 1.92637 -0.991035
chr2 54400000 -1.18938 1.93972 -1.32594
chr3 0 0.44307 1.16052 -0.861985
chr3 200000 0.366398 1.20426 -0.896992
chr3 400000 0.184069 1.35051 -1.12628
chr3 600000 1.61784 1.03986 -0.82939
chr3 800000 1.03936 1.22026 -1.11454
chr3 1000000 0.751691 1.30913 -0.643761
chr3 1200000 0.668549 1.60098 -0.762949
chr3 1400000 0.679056 1.4882 -1.15847
chr3 1600000 0.709851 1.36049 -0.823205
chr3 1800000 0.0934416 1.53092 -0.944935
chr3 2000000 0.59111 1.70413 -0.92475
chr3 2200000 0.306506 1.84915 -1.21648
chr3 2400000 0.222634 2.17613 -1.1717
chr3 2600000 -0.0576226 1.87584 -1.25993
chr3 2800000 0.353007 1.38004 -1.07241
chr3 3000000 0.358561 1.66875 -0.745532
chr3 3200000 0.325316 2.06231 -0.893954
chr3 3400000 1.19433 2.18101 -0.183412
chr3 3600000 0.619311 1.92073 -0.325163
chr3 3800000 0.38329 2.22894 -1.19023
chr3 4000000 0.191657 1.90774 -0.520393
chr3 4200000 0.50872 2.11408 -0.774315
chr3 4400000 0.737857 1.61224 -0.515809
chr3 4600000 0.157647 2.23644 -0.943813
chr3 4800000 0.734973 1.7141 -0.466481
chr3 5000000 1.1219 1.59406 -0.0572577
chr3 5200000 0.574678 1.82068 -0.321195
chr3 5400000 0.80207 1.39648 -0.985371
chr3 5600000 1.28084 0.897563 0.947726
chr3 5800000 0.908189 1.05711 -0.532771
chr3 6000000 1.13108 1.07418 -0.976292
chr3 6200000 0.60427 1.14056 0.259182
chr3 6400000 0.161544 1.20892 -0.770152
chr3 6600000 0.647347 2.09838 -0.994803
chr3 6800000 -0.020542 1.12116 -0.825433
chr3 7000000 0.417838 1.94292 -0.894779
chr3 7200000 1.22814 1.52968 0.198634
chr3 7400000 -0.649855 2.20558 -0.888343
chr3 7600000 0.301192 1.878 -0.424367
chr3 7800000 0.408367 1.26469 -0.215563
chr3 8000000 1.74347 1.73715 0.542331
chr3 8200000 -0.40072 1.10302 0.000795474
chr3 8400000 0.0202756 1.51507 -0.669396
chr3 8600000 1.38881 2.61532 2.52627
chr3 8800000 0.727165 2.27921 1.28507
chr3 9000000 0 1.1532 0
chr3 9200000 0.0535091 1.12932 0.502849
chr3 9400000 0.605315 1.54754 1.12103
chr3 9600000 0 1.19062 0
chr3 9800000 0.993047 1.81404 -0.469024
chr3 10000000 0 0 0
chr3 10200000 0.950536 0 0
chr3 10400000 -0.234635 1.9771 -0.516396
chr3 10600000 -0.0939143 1.59929 0.201421
chr3 10800000 0.667747 1.57521 -0.288985
chr3 11000000 0 0 0
chr3 11200000 0 1.65048 -1.54665
chr3 11400000 0.229714 0.448737 0.333615
chr3 11600000 0.180524 1.07124 -0.665742
chr3 11800000 0.784132 1.24801 0.618568
chr3 12000000 0.344795 1.13322 -0.52545
chr3 12200000 1.05604 1.18594 0.699711
chr3 12400000 0.43283 -0.156962 -1.01502
chr3 12600000 0.215148 0.814596 -0.393828
chr3 12800000 1.05819 1.1155 -0.298217
chr3 13000000 0.846537 1.04737 0.858497
chr3 13200000 1.30542 1.58536 0.813023
chr3 13400000 -0.0668319 1.65012 0.673689
chr3 13600000 1.15924 1.65552 -1.32114
chr3 13800000 0.447062 1.63127 -0.580696
chr3 14000000 0.317532 1.74676 -0.790368
chr3 14200000 0.986023 1.50134 -0.925144
chr3 14400000 0.901958 1.26908 -1.00917
chr3 14600000 0.94814 -0.415974 1.62126
chr3 14800000 0.333503 1.86557 0
chr3 15000000 0.558163 1.87738 -0.221187
chr3 15200000 0.448305 1.67369 -1.15929
chr3 15400000 -0.0083398 1.80606 -1.32205
chr3 15600000 -0.226627 0.993484 -0.790699
chr3 15800000 0.0485775 1.41427 -1.1274
chr3 16000000 0 0 0
chr3 16200000 -0.237887 1.40853 -1.30334
chr3 16400000 2.18283 1.18349 -0.975907
chr3 16600000 0 -0.724792 0
chr3 16800000 2.10219 1.58005 0.750427
chr3 17000000 1.50512 1.08243 0.410533
chr3 17200000 0.754647 1.15298 0.467263
chr3 17400000 1.50764 1.43192 0.627215
chr3 17600000 0 0 0
chr3 17800000 0.681979 1.13091 0.258783
chr3 18000000 0 0 0
chr3 18200000 -0.614512 2.1453 -1.65898
chr3 18400000 0.866861 1.94596 -0.455013
chr3 18600000 -0.624627 1.80637 -1.35712
chr3 18800000 -0.426169 2.48135 -0.519149
chr3 19000000 2.04015 1.91866 -1.3534
chr3 19200000 1.46552 2.18541 0
chr3 19400000 0.567485 1.13952 0.781097
chr3 19600000 0.151572 0.604847 -0.997547
chr3 19800000 -0.191509 0.824633 -0.553895
chr3 20000000 -0.120751 1.75527 1.01055
chr3 20200000 0 1.13105 2.12995
chr3 20400000 0 0 0
chr3 20600000 0 0 0
chr3 20800000 1.28917 1.48359 -0.922401
chr3 21000000 1.50644 1.17417 -0.0459813
chr3 21200000 1.07231 1.29424 -1.30666
chr3 21400000 0.823787 1.28353 -0.542495
chr3 21600000 1.383 1.07126 -0.806917
chr3 21800000 1.27795 1.58476 -0.260047
chr3 22000000 1.13064 1.45353 0.97317
chr3 22200000 2.11719 1.35252 0.960108
chr3 22400000 0 1.55581 0.183872
chr3 22600000 0.79591 0.886809 0.634922
chr3 22800000 0.821057 1.28801 0.557897
chr3 23000000 1.16953 1.53643 -0.290345
chr3 23200000 -0.113572 1.54282 -0.645725
chr3 23400000 1.97718 0.665107 0.186141
chr3 23600000 -0.0644972 3.00566 -1.2238
chr3 23800000 0.672338 1.29196 0.0106922
chr3 24000000 1.07948 1.78228 0.510056
chr3 24200000 1.10394 0.772866 -1.47121
chr3 24400000 0.211344 1.38123 -0.42152
chr3 24600000 0 0 0
chr3 24800000 0 0 0
chr3 25000000 0 0 0
chr3 25200000 0.459228 1.47226 -0.202595
chr3 25400000 1.08432 1.0635 0.81534
chr3 25600000 0.764132 1.80906 1.33751
chr3 25800000 0.353269 1.76269 -0.418373
chr3 26000000 -0.477954 0.357639 0.13803
chr3 26200000 0.701234 0.880433 -0.072336
chr3 26400000 -0.438094 1.53863 0.322618
chr3 26600000 0.967096 1.63891 -0.377458
chr3 26800000 0.5255 0.704156 0.690885
chr3 27000000 -0.401508 0.975578 0.977176
chr3 27200000 1.13239 1.46197 -0.717334
chr3 27400000 1.52926 1.35721 0.154578
chr3 27600000 1.18661 1.12793 0.68666
chr3 27800000 -0.049273 0.889693 -1.22136
chr3 28000000 0.538012 2.15265 -1.44607
chr3 28200000 0.156039 0.898139 0.125425
chr3 28400000 -1.5347 0.329664 1.77392
chr3 28600000 0.661001 0.845018 -0.421228
chr3 28800000 1.19421 1.38352 0.0230232
chr3 29000000 1.06919 1.25914 0.713769
chr3 29200000 0.989512 1.35783 0.233379
chr3 29400000 0.923324 1.03011 -0.260278
chr3 29600000 1.06728 0.886134 -0.363121
chr3 29800000 1.80576 2.02073 0.0921458
chr3 30000000 1.00828 1.81229 -0.374468
chr3 30200000 0.643632 1.29177 -0.926064
chr3 30400000 0.631319 0.766519 0.785282
chr3 30600000 0.402697 1.493 -0.221533
chr3 30800000 0.895902 1.26841 0.148927
chr3 31000000 -1.05482 1.45539 1.97679
chr3 31200000 0.93765 1.22638 -0.211656
chr3 31400000 1.44061 0.849065 0.308605
chr3 31600000 0.501004 1.4854 -0.670838
chr3 31800000 0.754715 1.14999 -0.642819
chr3 32000000 -1.14679 1.91777 -1.64453
chr4 0 -0.228117 1.92033 -1.39521
chr4 200000 0.187174 1.9728 -0.592753
chr4 400000 0.488714 1.66065 -0.794687
chr4 600000 0.0543501 1.94274 -1.01671
chr4 800000 0.359903 1.66411 -1.03599
chr4 1000000 -0.0990831 1.97094 -1.03134
chr4 1200000 0.060812 2.04845 -0.777589
chr4 1400000 0.0611175 1.98367 -1.00744
chr4 1600000 0.0725024 1.93479 -1.19016
chr4 1800000 0.525975 1.43821 -0.423139
chr4 2000000 0.355108 1.47571 -0.405851
chr4 2200000 0.709895 1.46233 -1.00091
chr4 2400000 -0.0806117 1.68641 -0.761417
chr4 2600000 0.417181 1.48414 -1.07823
chr4 2800000 0.333572 1.51845 -0.524877
chr4 3000000 -0.125136 1.39719 -0.496471
chr4 3200000 0.174991 1.60576 -0.806849
chr4 3400000 0.136211 1.27519 -1.09888
chr4 3600000 0.691611 1.41881 -0.937946
chr4 3800000 0.291984 1.40576 -0.996221
chr4 4000000 0.0644715 1.90662 -0.988772
chr4 4200000 0.396228 1.39154 -0.828365
chr4 4400000 -0.625399 1.97368 -1.29208
chr4 4600000 0.225457 1.62887 -1.22638
chr4 4800000 0.015493 1.56598 -0.469089
chr4 5000000 0.165843 1.66082 -0.595324
chr4 5200000 0.945165 1.33362 -0.525247
chr4 5400000 0.369224 1.61773 -1.21819
chr4 5600000 0.905371 1.11958 -0.461347
chr4 5800000 0.098472 1.32947 -1.36333
chr4 6000000 0.154065 1.38872 -0.702325
chr4 6200000 -0.100308 2.14454 -1.06
chr4 6400000 0.839635 1.69482 -0.953095
chr4 6600000 1.07244 1.95467 -0.626452
chr4 6800000 0.242734 1.65353 -0.756786
chr4 7000000 0.824442 1.87285 0.522998
chr4 7200000 0.47344 1.41527 -0.737865
chr4 7400000 0.280945 1.61164 -1.07516
chr4 7600000 0.805612 1.43799 -0.540959
chr4 7800000 0.872848 0.959325 -0.971583
chr4 8000000 0.48354 1.26112 -0.909726
chr4 8200000 0.57512 1.66245 -0.477634
chr4 8400000 0 0 0
chr4 8600000 -0.747843 1.57508 -1.00023
chr4 8800000 -0.0697633 1.47357 -0.500362
chr4 9000000 -0.0174282 1.51578 -1.00753
chr4 9200000 0.00201913 1.12038 -0.8823
chr4 9400000 0.05473 1.45912 -1.18887
chr4 9600000 0.0344699 1.2624 -0.848914
chr4 9800000 -0.0288741 0.907064 -1.21026
chr4 10000000 0.43291 1.26314 -0.874441
chr4 10200000 0.0829517 1.49212 -0.460033
chr4 10400000 0.739911 0.720358 -0.530342
chr4 10600000 0 1.56503 0
chr4 10800000 0 0 0
chr4 11000000 0.603416 1.08908 -0.868931
chr4 11200000 1.01605 1.10102 0.919686
chr4 11400000 0.486664 1.34121 -0.976157
chr4 11600000 0 0 0
chr4 11800000 1.02694 -0.138649 1.04242
chr4 12000000 0.431257 1.55488 0.0788303
chr4 12200000 0.713068 1.22261 0.827232
chr4 12400000 0.1369 1.6853 -0.759022
chr4 12600000 -0.0117098 1.16977 0.187369
chr4 12800000 2.33059 2.18576 0.924319
chr4 13000000 0.854166 1.18384 -0.371117
chr4 13200000 0.583377 1.07145 -0.282265
chr4 13400000 -0.00664467 1.72164 -0.89198
chr4 13600000 1.05387 1.86651 0.583827
chr4 13800000 1.30014 1.14382 0.609282
chr4 14000000 1.09928 1.04079 0.751483
chr4 14200000 -0.870487 1.00825 0.0611429
chr4 14400000 0.417602 0.772827 0.468534
chr4 14600000 0.83339 2.13189 -0.36879
chr4 14800000 1.82565 1.0842 -0.666812
chr4 15000000 0.12969 1.56811 -0.474731
chr4 15200000 -0.370158 1.7473 -1.46669
chr4 15400000 0.571028 0.692187 -1.83613
chr4 15600000 -0.008618 0.334911 -0.225022
chr4 15800000 0.797392 1.40419 0.0816245
chr4 16000000 0.835722 1.55264 -0.658688
chr4 16200000 1.25038 1.58673 -1.37627
chr4 16400000 0 0 0
chr4 16600000 1.15382 2.00114 -1.42213
chr4 16800000 -0.254904 1.76021 -1.33922
chr4 17000000 0.620783 1.23456 0.517091
chr4 17200000 1.67333 1.73473 1.31632
chr4 17400000 0.673162 1.11069 -0.37049
chr4 17600000 -0.424151 1.39604 0.0263958
chr4 17800000 0.328557 0.937835 -0.968724
chr4 18000000 1.05051 0.989466 -1.14839
chr4 18200000 0.000462724 1.34256 0.418928
chr4 18400000 0.20753 1.76092 -1.20474
chr4 18600000 1.4488 1.07811 -0.812455
chr4 18800000 0.575004 1.66653 0.687222
chr4 19000000 1.78834 1.3763 0.417602
chr4 19200000 0.594729 0.791272 0.279913
chr4 19400000 -0.0662838 1.91444 -0.0234663
chr4 19600000 0.012215 1.40621 -0.0289338
chr4 19800000 1.29568 2.07292 -0.597466
chr4 20000000 0.378165 1.3506 0.141027
chr4 20200000 0.403336 1.18393 -0.85435
chr4 20400000 -0.895301 1.84346 0.510718
chr4 20600000 0.950536 0.508734 1.51735
chr4 20800000 0.588354 1.23747 -0.139263
chr4 21000000 -0.923366 1.85915 -0.252176
chr4 21200000 0.22667 1.22819 -0.327705
chr4 21400000 2.09932 2.32164 0.4504
chr4 21600000 0.677893 2.19844 -0.930742
chr4 21800000 0.260792 1.28398 0.950536
chr4 22000000 -1.1041 1.26749 0.782319
chr4 22200000 -0.274776 1.78147 0.0373797
chr4 22400000 0 2.37 1.82153
chr4 22600000 0.963585 0.822414 0.823461
chr4 22800000 -0.755397 0.81912 0.417371
chr4 23000000 0.873868 1.67686 -0.759807
chr4 23200000 -0.0237815 -0.0930008 -1.10748
chr4 23400000 0 0 0
chr4 23600000 0.63021 1.13211 1.22527
chr4 23800000 -1.31009 1.36535 -1.31009
chr4 24000000 -0.213569 1.63161 -0.960105
chr4 24200000 0.977977 1.59387 -1.69489
chr4 24400000 0.347874 0.845575 -0.534439
chr4 24600000 0.834507 1.56387 0.312931
chr4 24800000 0.607886 1.16242 0.0549665
chr4 25000000 0.246841 1.64029 -1.22156
chr4 25200000 0.863099 1.18821 -1.06026
chr4 25400000 1.12282 0.725319 -0.601494
chr4 25600000 0.227061 0.916175 -0.447856
chr4 25800000 0.735536 1.44257 -0.458034
chr4 26000000 -0.136405 1.99633 -1.27886
chr4 26200000 -0.712891 0.692607 -0.836499
chr4 26400000 0.53353 1.8427 -0.161096
chr4 26600000 0.659421 1.27595 -0.718655
chr4 26800000 1.09914 1.44099 -0.98142
chr4 27000000 1.10938 1.15913 -0.31633
chr4 27200000 0.65426 1.1511 -0.381725
chr4 27400000 0.596102 0.942717 -0.621827
chr4 27600000 0.420351 1.42464 0.0652715
chr4 27800000 0 0 0
chr4 28000000 0.380923 1.41499 -0.865869
chr5 0 0.0489286 1.40478 -0.810589
chr5 200000 1.04162 0.907233 0.689918
chr5 400000 0.564871 1.58414 0.30507
chr5 600000 1.1032 2.00384 -0.856142
chr5 800000 -0.327495 1.57501 0.215588
chr5 1000000 -0.180958 1.25639 -0.397343
chr5 1200000 0.882319 0.47657 -1.1835
chr5 1400000 0.550395 1.23394 -0.0373877
chr5 1600000 0.532443 1.50105 0.0527792
chr5 1800000 0.94814 1.95882 0.864288
chr5 2000000 0.500873 1.01155 0.0713034
chr5 2200000 0.60981 1.14157 0.309591
chr5 2400000 0.652696 1.35572 0.521403
chr5 2600000 0.393981 1.66743 -0.759603
chr5 2800000 1.18289 1.6007 0.815132
chr5 3000000 0.735591 1.46696 -0.781001
chr5 3200000 -0.579327 0.737864 -0.0117232
chr5 3400000 1.79366 0 0
chr5 3600000 0.705889 1.42938 -0.255799
chr5 3800000 0.606128 1.12204 -0.334859
chr5 4000000 0.687222 2.24941 -0.511411
chr5 4200000 0.333503 2.23364 1.47376
chr5 4400000 0 0 0
chr5 4600000 0.931505 1.44924 -1.45444
chr5 4800000 0 0 0
chr5 5000000 0.511804 1.18632 -0.45367
chr5 5200000 1.37595 1.81174 0.577894
chr5 5400000 0.783969 1.51033 0.0150228
chr5 5600000 0 0.950957 0.186477
chr5 5800000 0.950536 0 1.44416
chr5 6000000 1.66243 1.53693 -1.26429
chr5 6200000 0.568141 1.85267 -1.04936
chr5 6400000 -0.916013 2.05937 -1.54082
chr5 6600000 0 0 0
chr5 6800000 -0.0351495 1.65901 -1.03808
chr5 7000000 0.326659 1.61035 -0.974629
chr5 7200000 -1.05482 0.158001 -1.38172
chr5 7400000 1.01288 1.04946 0.586346
chr5 7600000 0.479896 1.29155 1.48544
chr5 7800000 0 0 0
chr5 8000000 0 -0.330402 1.92163
chr5 8200000 0.0693522 0.0851426 -1.05482
chr5 8400000 0.859708 0.468588 -0.440173
chr5 8600000 0.411053 -0.0650136 -0.0102081
chr5 8800000 0.208719 1.48971 -1.11166
chr5 9000000 0 0 0
chr5 9200000 0 0 0
chr5 9400000 0.203639 0.0382531 -1.24441
chr5 9600000 0.765654 1.50268 -0.583463
chr5 9800000 0 0 0
chr5 10000000 1.68008 1.22883 0.613388
chr5 10200000 -0.644012 -0.12469 -1.44751
chr5 10400000 0 0 0
chr5 10600000 -0.361051 0.576763 -1.50036
chr5 10800000 0.412985 1.58448 -1.26252
chr5 11000000 0.0693522 0.869709 -0.729764
chr5 11200000 0 1.22589 0
chr5 11400000 1.46744 1.156 1.12999
chr5 11600000 1.70152 2.74499 2.18406
chr5 11800000 0 0 0
chr5 12000000 0.436353 1.16579 -1.17719
chr5 12200000 0.995594 1.02969 0.715033
chr5 12400000 0.343228 0.258747 -0.156353
chr5 12600000 0.821791 1.17237 -1.68765
chr5 12800000 -0.16632 1.16383 -1.2158
chr5 13000000 0.886018 0.626685 -0.306478
chr5 13200000 -0.43142 1.8312 -1.72322
chr5 13400000 -0.127357 1.39371 -0.537165
chr5 13600000 1.10394 1.72777 0.889216
chr5 13800000 0.198494 1.18603 -0.466484
chr5 14000000 -0.134662 1.42436 -0.657699
chr5 14200000 0 0 0
chr5 14400000 -0.184113 0.570204 0.90081
chr5 14600000 1.21656 0.871645 -0.390389
chr5 14800000 1.65778 0.443083 -0.333079
chr5 15000000 2.17315 1.70995 1.40075
chr5 15200000 1.49066 2.2663 1.10258
chr5 15400000 0.0609583 0.448958 -1.10609
chr5 15600000 0 0 0
chr5 15800000 -1.28011 0.54293 -0.161834
chr5 16000000 1.25388 1.26424 0.99537
chr5 16200000 0.862177 1.89243 -0.497328
chr5 16400000 0 0 0
chr5 16600000 0 0 0
chr5 16800000 0.988856 1.14851 -1.00016
chr5 17000000 0.140904 0.760418 0.160133
chr5 17200000 0 0 0
chr5 17400000 1.71271 1.68701 1.1038
chr5 17600000 1.02564 0.904156 0.222794
chr5 17800000 0.111703 1.10116 -1.21366
chr5 18000000 0.460301 1.45263 -0.689392
chr5 18200000 0.897344 1.12856 0.767753
chr5 18400000 1.17983 1.30856 1.238
chr5 18600000 0.895819 0.902833 -0.181058
chr5 18800000 1.21288 1.21524 -0.109587
chr5 19000000 0.0141034 1.12145 -0.686254
chr5 19200000 0.387177 0.933704 -0.564139
chr5 19400000 1.90559 1.07117 -0.701324
chr5 19600000 0.839962 1.30259 0.305816
chr5 19800000 0.987391 1.66846 -0.474213
chr5 20000000 1.20608 1.26731 -0.526716
chr5 20200000 0.708021 1.19953 -0.84889
chr5 20400000 1.37182 1.45934 0.176363
chr5 20600000 0.52241 0.954898 0.0759462
chr5 20800000 1.60214 1.55466 0.676026
chr5 21000000 1.33181 1.56397 -0.360439
chr5 21200000 1.66893 1.41993 0.734808
chr5 21400000 1.26523 1.30932 -0.461557
chr5 21600000 0.891152 1.58464 0.0975718
chr5 21800000 1.32479 1.45415 -0.770489
chr5 22000000 0.9446 1.71182 0.524221
chr5 22200000 0.490348 1.6801 -0.447369
chr5 22400000 0.419295 1.24877 -0.77839
chr5 22600000 1.29048 1.70485 0.0629166
chr5 22800000 0.541043 1.49646 -0.409551
chr5 23000000 0.243721 1.43862 -1.04001
chr5 23200000 1.17772 1.74617 0.577733
chr5 23400000 0.157866 1.40812 0.488563
chr5 23600000 0.614968 0.944188 -0.277188
chr5 23800000 0.0435075 1.19788 -1.20861
chr5 24000000 -0.124236 1.30744 -0.680615
chr5 24200000 -0.128991 1.29198 -0.523429
chr5 24400000 0.281104 1.33958 -0.690574
chr5 24600000 0.659226 1.45459 -0.700037
chr5 24800000 0.282444 1.33458 -1.03355
chr5 25000000 0.350697 1.26678 -0.326727
chr5 25200000 0.512039 0.966266 -0.820327
chr5 25400000 0.726194 1.32232 -0.951671
chr5 25600000 0.272078 1.67923 -1.16168
chr5 25800000 0.621759 1.89143 -1.18726
chr5 26000000 0.653958 1.37461 -1.33418
chr5 26200000 0.220809 1.54194 -0.961886
chr5 26400000 -0.153613 1.4907 -1.02649
chr5 26600000 0.425071 1.77263 -0.639138
chr5 26800000 0.294773 0.87293 -0.46586
chr5 27000000 -0.157176 1.45555 -0.787325
chr5 27200000 -0.329645 1.99513 -1.18273
chr5 27400000 0.0545545 1.72946 -0.76299
chr5 27600000 0.304006 1.90024 -1.12124
chr5 27800000 -0.318657 1.75925 -0.983671
chr5 28000000 0.219878 1.90292 -0.882009
chr5 28200000 0.270324 1.63714 -0.912975
chr5 28400000 -0.662201 2.27139 -1.12186
chr5 28600000 0.127868 1.97742 -1.12277
chr5 28800000 0.711142 1.53421 -0.940634
chr5 29000000 -0.0056958 1.70171 -0.939679
chr6 0 0.172141 2.26952 -1.1904
chr6 200000 -0.245613 2.1234 -1.00341
chr6 400000 -0.0190574 1.70721 -0.920584
chr6 600000 0.647488 2.035 -0.711975
chr6 800000 -0.0556093 1.82549 -0.71782
chr6 1000000 0.030339 1.6371 -0.849479
chr6 1200000 -0.106681 1.66072 -0.953845
chr6 1400000 0.268196 1.39793 -1.15138
chr6 1600000 0.25032 1.81294 -0.875954
chr6 1800000 0.100833 1.92201 -1.0172
chr6 2000000 0.401765 1.88744 -1.06582
chr6 2200000 0.766071 2.3403 -0.967076
chr6 2400000 0.762491 1.99605 -0.873908
chr6 2600000 0.48963 1.97679 -1.06584
chr6 2800000 0.704859 1.93734 -1.18133
chr6 3000000 0.291688 1.74698 -0.645515
chr6 3200000 0.261836 1.81144 -1.14325
chr6 3400000 0.697579 1.62583 -0.674727
chr6 3600000 0.718704 1.60706 -0.874978
chr6 3800000 0.15907 1.64694 -0.992314
chr6 4000000 0.972687 1.81012 -0.890794
chr6 4200000 0.0310854 1.84062 -1.31354
chr6 4400000 0.721741 1.58538 -1.06598
chr6 4600000 0.553212 1.62246 -0.963867
chr6 4800000 -0.420663 1.64003 -1.18318
chr6 5000000 0.776455 2.09222 -1.07536
chr6 5200000 0.398284 2.00577 -1.17867
chr6 5400000 0.426924 1.8894 -0.942639
chr6 5600000 0.665846 1.75413 -0.9032
chr6 5800000 0.368068 1.86803 -1.10787
chr6 6000000 -0.141656 2.03031 -1.25904
chr6 6200000 -0.151535 2.27424 -1.45449
chr6 6400000 0.510448 2.12088 -1.0245
chr6 6600000 0.210777 1.72914 -0.98142
chr6 6800000 0.68578 2.02679 -0.993912
chr6 7000000 0.930103 1.98325 -0.6447
chr6 7200000 0.575898 1.87199 -1.16412
chr6 7400000 0.365892 1.88324 -0.711463
chr6 7600000 0.473153 1.70177 -0.487747
chr6 7800000 0.163689 1.8814 -0.747863
chr6 8000000 -0.155059 2.10157 -0.974039
chr6 8200000 0.499459 1.76317 -1.13335
chr6 8400000 1.06956 1.63285 -0.699524
chr6 8600000 0.533592 1.56836 -0.683195
chr6 8800000 0.0508226 1.91804 -0.76581
chr6 9000000 0.25166 2.06632 -1.0564
chr6 9200000 0.221306 1.65061 -0.874607
chr6 9400000 0.537528 2.29181 -0.977229
chr6 9600000 0.971572 1.84496 -0.39652
chr6 9800000 -0.124219 2.27995 -1.15035
chr6 10000000 0.100617 2.14243 -0.86533
chr6 10200000 -0.512591 2.08006 -1.18957
chr6 10400000 -0.408079 1.89451 -0.984552
chr6 10600000 0.135224 1.2668 -0.309722
chr6 10800000 0.0253356 2.29076 -1.38424
chr6 11000000 -0.452963 2.13058 -1.29741
chr6 11200000 0.643476 2.05191 -0.106514
chr6 11400000 0.288368 1.77876 -1.03944
chr6 11600000 -0.256311 2.30231 -0.546619
chr6 11800000 -0.453005 1.62417 -0.799211
chr6 12000000 0.542048 1.43481 -0.40178
chr6 12200000 -0.0187284 1.84178 -0.860612
chr6 12400000 0.214559 1.72327 -0.955235
chr6 12600000 -0.103021 2.05499 -0.888798
chr6 12800000 0.390293 1.89053 -1.2504
chr6 13000000 -0.326044 2.03492 -1.21016
chr6 13200000 0.153538 1.51214 -0.203382
chr6 13400000 -0.43272 1.89762 -0.992221
chr6 13600000 0.0578362 1.85837 -1.05537
chr6 13800000 -0.853807 1.98991 -0.882258
chr6 14000000 -0.769806 1.85105 -0.371765
chr6 14200000 -0.395075 1.78512 0.387314
chr6 14400000 -0.245732 2.10935 -0.379378
chr6 14600000 -0.896455 2.12708 -1.20286
chr6 14800000 -0.406021 1.87746 -0.655725
chr6 15000000 -0.351696 1.87309 -0.378619
chr6 15200000 -0.924532 1.85051 -1.10154
chr6 15400000 -0.791671 2.34765 -1.15124
chr6 15600000 0.575557 1.59241 0.940381
chr6 15800000 0.405925 2.00773 -0.612418
chr6 16000000 0.542727 0.893936 -0.662084
chr6 16200000 -0.208505 2.09172 -0.465831
chr6 16400000 0.196054 2.32269 -0.405287
chr6 16600000 0 0 0
chr6 16800000 -1.10152 2.46712 -0.957274
chr6 17000000 -0.721462 2.41529 -1.47809
chr6 17200000 0.0844471 2.45735 -1.72322
chr6 17400000 1.22188 2.28293 -0.471879
chr6 17600000 -0.339587 1.38361 -0.14926
chr6 17800000 -0.242294 1.13565 0.308966
chr6 18000000 -1.06682 1.03974 -0.329574
chr6 18200000 0.345953 1.36649 0.119815
chr6 18400000 -0.0928673 1.20163 -0.0206646
chr6 18600000 1.05861 1.95789 0.490425
chr6 18800000 -0.054328 1.77117 -0.59355
chr6 19000000 -0.270338 0.700927 0.316427
chr6 19200000 -0.100271 1.2099 0.71136
chr6 19400000 0.867106 1.35268 0.748644
chr6 19600000 0.156269 1.35844 0.192218
chr6 19800000 -0.184305 1.23499 -0.0557996
chr6 20000000 0 0 0
chr6 20200000 0.527469 1.60616 0.721329
chr6 20400000 -0.55659 0.949869 -0.183558
chr6 20600000 1.90449 2.15904 0.993502
chr6 20800000 0.462125 1.23788 -0.509801
chr6 21000000 0.572699 1.24977 0.361676
chr6 21200000 0.575127 1.93327 -0.0232581
chr6 21400000 1.28408 1.80831 0.791845
chr6 21600000 1.30652 1.31407 0.622249
chr6 21800000 0.812948 1.61458 0.77071
chr6 22000000 -0.122237 1.79586 -0.00645456
chr6 22200000 2.04722 1.17812 0.247159
chr6 22400000 0.828732 1.3612 0.159657
chr6 22600000 0.24668 1.5866 -0.252862
chr6 22800000 0.0411494 1.90602 -0.523854
chr6 23000000 0.729355 1.00141 -0.154295
chr6 23200000 -0.381752 1.77847 -0.473695
chr6 23400000 0 0 0
chr6 23600000 0.32241 1.47677 -0.540145
chr6 23800000 0.287986 0.831046 -0.190854
chr6 24000000 1.05104 1.073 -0.159608
chr6 24200000 0.465951 1.34587 -0.208062
chr6 24400000 0.37885 0.970528 0.771392
chr6 24600000 0.576385 0.847231 0.579428
chr6 24800000 -0.335475 1.96103 -0.300431
chr6 25000000 1.29135 1.09533 0.451446
chr6 25200000 0 0 0
chr6 25400000 0.158458 2.11222 -0.74666
chr6 25600000 -0.916329 2.08292 -0.721666
chr6 25800000 0.826599 2.25051 -0.50999
chr6 26000000 0.741641 1.85904 0.198704
chr6 26200000 0.316808 1.11793 -0.159337
chr6 26400000 1.37365 0.606107 -0.57877
chr6 26600000 0 0 0
chr6 26800000 0 0 0
chr6 27000000 0 0 0
chr6 27200000 0 0 0
chr6 27400000 1.44416 1.73178 0
chr6 27600000 0 1.9458 0
chr6 27800000 1.01793 1.95317 -0.142576
chr6 28000000 2.00018 0.844045 0.165561
chr6 28200000 0 0 0
chr6 28400000 -0.876902 1.62448 -0.850876
chr6 28600000 0.813246 1.78157 -0.479738
chr6 28800000 -0.656804 2.31519 -1.03057
chr6 29000000 0.0900553 1.73507 -0.707293
chr6 29200000 0.274135 2.33199 -1.38932
chr6 29400000 0 0 0
chr6 29600000 -0.726731 -0.683053 1.1665
chr6 29800000 -0.378463 2.17942 -1.17753
chr6 30000000 -0.538723 2.12326 -1.274
chr6 30200000 0.174313 2.64063 -1.1451
chr6 30400000 0.843259 1.81645 -1.4628
chr6 30600000 -0.537632 2.62963 -1.13146
chr6 30800000 -0.447939 0.786646 0.471383
chr6 31000000 -0.0350641 0.962732 0.823038
chr6 31200000 -0.387933 1.73808 -0.289771
chr6 31400000 0 0 0
chr6 31600000 0 0 0
chr6 31800000 -1.33644 1.91955 -0.928959
chr6 32000000 -1.02035 1.75365 0.790983
chr6 32200000 1.25388 0.914284 0.355064
chr6 32400000 0.0745908 1.71753 -0.577762
chr6 32600000 0.662502 1.68263 1.29802
chr6 32800000 1.37022 2.1174 1.00271
chr6 33000000 0.846531 1.95836 1.23837
chr6 33200000 0.340648 1.284 0.341297
chr6 33400000 0 0 0
chr6 33600000 0.746437 1.08247 -0.068153
chr6 33800000 0.229084 1.29474 0.0751853
chr6 34000000 0.547945 1.22167 -0.369015
chr6 34200000 0.317538 1.75795 0.228751
chr6 34400000 1.53216 1.44829 -0.0611772
chr6 34600000 1.1665 1.92227 -0.923366
chr6 34800000 0 1.19062 0
chr6 35000000 0 0 0
chr6 35200000 0 0 0
chr6 35400000 -0.53616 0.535654 0.163485
chr6 35600000 -0.322252 2.12786 -0.720856
chr6 35800000 0.248485 1.70519 -0.643143
chr6 36000000 0.611957 1.15202 -0.238579
chr6 36200000 0.191464 1.91119 -0.521558
chr6 36400000 1.31762 0.969221 -1.02407
chr6 36600000 -0.190055 1.87806 -0.686413
chr6 36800000 -0.105269 1.80211 -0.433145
chr6 37000000 -0.35629 0.396379 0.68439
chr6 37200000 0.893244 1.21611 -0.47548
chr7 0 0.708764 1.80057 -0.817016
chr7 200000 0.425488 1.90491 -1.0695
chr7 400000 1.07883 2.05957 -1.0742
chr7 600000 0.331399 1.90472 -0.970181
chr7 800000 0.189806 2.03915 -0.90964
chr7 1000000 1.11244 1.81369 -0.391549
chr7 1200000 0.157571 1.98961 -1.18521
chr7 1400000 0.952815 1.95314 -0.987825
chr7 1600000 -0.264877 1.90477 -1.18365
chr7 1800000 0.183907 2.12248 -1.02948
chr7 2000000 0.426776 2.02635 -0.978094
chr7 2200000 0.351579 2.05113 -1.02863
chr7 2400000 0.863043 1.4604 -0.94734
chr7 2600000 0.578482 1.65783 -1.01927
chr7 2800000 0.19875 1.86749 -1.10878
chr7 3000000 0.972135 1.50546 -1.01404
chr7 3200000 0.346695 1.7329 -1.31656
chr7 3400000 0.196213 1.52275 -0.73858
chr7 3600000 0.775316 1.62103 -1.09747
chr7 3800000 0.500418 1.9674 -0.838982
chr7 4000000 0.140234 1.93174 -1.20776
chr7 4200000 1.11528 1.50957 -0.902305
chr7 4400000 0.303226 1.69759 -0.996422
chr7 4600000 0.631553 1.49071 -0.689489
chr7 4800000 -0.0213305 2.31196 -1.48857
chr7 5000000 -0.231898 2.09163 -1.07514
chr7 5200000 0.324409 1.73746 -0.93547
chr7 5400000 0.0713085 1.62439 -0.886376
chr7 5600000 -0.342717 1.74507 -1.36768
chr7 5800000 0.341581 1.57063 -1.0844
chr7 6000000 0.464769 1.75496 -1.26387
chr7 6200000 0.635787 1.3413 -0.354415
chr7 6400000 1.03877 1.70166 -1.13637
chr7 6600000 0.630599 1.96154 -1.07497
chr7 6800000 0.377584 2.14804 -0.795088
chr7 7000000 0.338235 1.4572 -0.418007
chr7 7200000 0.710797 1.62486 -0.807725
chr7 7400000 0.22603 2.00132 -1.26714
chr7 7600000 0.549434 2.03261 -1.13892
chr7 7800000 0.367412 2.377 -1.13691
chr7 8000000 0.188572 1.7081 -1.08681
chr7 8200000 0.259044 2.04828 -1.21498
chr7 8400000 0.622385 1.82603 -1.19851
chr7 8600000 0.155349 1.91409 -0.74751
chr7 8800000 -0.111755 1.99731 -1.30178
chr7 9000000 0.630606 2.16956 -1.00541
chr7 9200000 0.896222 2.07297 -0.836803
chr7 9400000 0.183975 2.06236 -1.15909
chr7 9600000 0.725024 2.41829 -0.613151
chr7 9800000 1.13159 1.75781 -1.21284
chr7 10000000 0.483859 1.88297 -0.883755
chr7 10200000 0.632836 1.82856 -0.110185
chr7 10400000 1.44383 1.5954 0.0651438
chr7 10600000 0.579036 1.65647 -1.20189
chr7 10800000 0.929298 1.71208 -0.8727
chr7 11000000 0.147527 1.76735 -0.877943
chr7 11200000 -0.0101161 1.90851 -1.06572
chr7 11400000 0.85232 1.43392 -1.03539
chr7 11600000 0.411135 1.48155 -0.619334
chr7 11800000 0.532732 1.55911 -0.833054
chr7 12000000 0.401171 1.29096 -0.989231
chr7 12200000 0.692223 1.72421 -0.797785
chr7 12400000 -0.169938 1.74619 -1.10924
chr7 12600000 -0.160385 2.53936 -1.22953
chr7 12800000 0.410735 1.95048 -0.700189
chr7 13000000 1.33269 2.14897 -0.121112
chr7 13200000 1.14016 1.80442 -0.606339
chr7 13400000 0.59478 1.98042 -0.912387
chr7 13600000 1.1547 0.699913 -1.246
chr7 13800000 1.22781 1.52999 -0.28525
chr7 14000000 1.12596 1.53649 0.274151
chr7 14200000 0.947292 1.55234 0.659456
chr7 14400000 0.6314 1.39306 -0.868596
chr7 14600000 0.699354 1.15871 -0.410126
chr7 14800000 0.999698 1.65221 0.581024
chr7 15000000 1.25061 1.72578 0.511755
chr7 15200000 0.401689 0.612063 0.046242
chr7 15400000 0.06182 1.82622 -0.572274
chr7 15600000 0.300941 1.65854 -0.736268
chr7 15800000 0.373648 2.01567 -0.869521
chr7 16000000 1.32283 1.43161 -0.315875
chr7 16200000 0.584224 1.67321 -0.17081
chr7 16400000 1.87361 1.43141 0.475886
chr7 16600000 1.18836 1.84583 -0.894107
chr7 16800000 1.15831 1.30107 0.390486
chr7 17000000 0.783726 1.36743 0.757165
chr7 17200000 0.0181315 1.67239 -0.149912
chr7 17400000 -0.340093 1.97743 -0.476709
chr7 17600000 0.669179 1.86101 -0.453573
chr7 17800000 0.799843 1.42057 -0.518082
chr7 18000000 -0.409149 2.16075 -1.24303
chr7 18200000 1.24794 1.30238 -0.756452
chr7 18400000 -0.165529 1.58847 -0.356172
chr7 18600000 0.994504 1.56611 -1.12869
chr7 18800000 0.298374 1.44634 -0.72999
chr7 19000000 1.19844 1.37316 0.81191
chr7 19200000 1.43778 1.0573 -0.0847768
chr7 19400000 -0.522107 2.22799 0.493074
chr7 19600000 1.09873 1.48458 1.09498
chr7 19800000 -0.596207 1.57744 -1.22138
chr7 20000000 1.09924 1.40499 0.195089
chr7 20200000 1.29166 1.45094 0.555468
chr7 20400000 0.838925 0.759008 0.0289158
chr7 20600000 0 0 0
chr7 20800000 -0.0151805 1.95801 1.11082
chr7 21000000 1.12278 1.91371 -1.05176
chr7 21200000 -0.662093 1.76193 -0.983861
chr7 21400000 -1.5347 1.26161 -0.216418
chr7 21600000 -1.31557 1.40892 -0.222605
chr7 21800000 0.402521 0.970198 -0.30665
chr7 22000000 0 0.240435 0.467069
chr7 22200000 1.44416 1.52268 0
chr7 22400000 1.16459 1.07653 1.65042
chr7 22600000 1.56253 1.21969 0.615308
chr7 22800000 0.414705 0.134973 1.70557
chr7 23000000 1.42739 2.2347 1.31503
chr7 23200000 -0.45199 1.21092 0.5425
chr7 23400000 1.88612 1.40826 1.59544
chr7 23600000 1.09461 0.778432 0.00818971
chr7 23800000 0.749978 0.672434 -0.949246
chr7 24000000 1.03841 0.896131 -0.890066
chr7 24200000 0 2.4261 1.48711
chr7 24400000 0.562923 1.75325 2.19687
chr7 24600000 0 1.99856 0
chr7 24800000 0.748889 1.79825 1.20095
chr7 25000000 0.455617 0.980762 1.09267
chr7 25200000 0.0459466 0.818548 -0.533442
chr7 25400000 -1.16827 2.09555 -1.42358
chr7 25600000 0.584755 2.48492 -1.49787
chr7 25800000 -0.447939 0.62605 -1.31243
chr7 26000000 0 0 0
chr7 26200000 1.09763 1.96559 -0.504874
chr7 26400000 0.585957 0.875677 0.101381
chr7 26600000 0 0.960378 1.44573
chr7 26800000 1.89325 2.34593 1.25684
chr7 27000000 1.4488 0.537517 -1.44751
chr7 27200000 1.55912 1.7735 0.786327
chr7 27400000 -0.43142 2.25231 -0.891372
chr7 27600000 0 0 0
chr7 27800000 -0.338059 1.6675 -0.459997
chr7 28000000 0.253626 1.69087 -0.191512
chr7 28200000 0 0 0
chr7 28400000 -0.104783 1.82377 0.28941
chr7 28600000 0 0 0
chr7 28800000 1.44416 1.24608 1.2509
chr7 29000000 0 0 0
chr7 29200000 0 0 0
chr7 29400000 0 0 0
chr7 29600000 0 0 0
chr7 29800000 0.961037 0.246367 -0.115356
chr8 0 0.616204 1.65484 -0.688938
chr8 200000 0.533552 1.39145 -1.14466
chr8 400000 0.675772 2.08314 -0.708575
chr8 600000 1.16494 1.90748 -0.732261
chr8 800000 0.490253 1.81236 -0.973829
chr8 1000000 0.345965 2.12608 -1.10528
chr8 1200000 0.76133 1.83023 -0.0975029
chr8 1400000 0.314303 1.85903 -0.188164
chr8 1600000 0.615365 1.37972 0.194085
chr8 1800000 -0.27094 1.7139 -0.54382
chr8 2000000 1.18253 1.47559 0.916143
chr8 2200000 0.689645 1.87355 0.53878
chr8 2400000 0.262639 1.49871 -0.140768
chr8 2600000 0.828576 1.47203 0.46115
chr8 2800000 0.0476591 1.55759 -0.823958
chr8 3000000 0.926777 1.46429 -0.283083
chr8 3200000 0.859627 2.22685 -0.337605
chr8 3400000 0.809636 1.68599 0.103991
chr8 3600000 0.786566 1.84395 -0.598946
chr8 3800000 0.819992 1.77937 -0.115675
chr8 4000000 0.256891 1.84905 -0.855886
chr8 4200000 0.473411 1.98466 -1.24935
chr8 4400000 -0.941152 1.12038 -1.04951
chr8 4600000 -0.102363 2.00722 -0.690754
chr8 4800000 0.978718 1.22057 0.57032
chr8 5000000 0.947849 1.63743 0.128716
chr8 5200000 -0.865394 2.04204 -0.82576
chr8 5400000 0.404216 1.25995 -0.224795
chr8 5600000 1.21068 0.921955 0.128285
chr8 5800000 0.989206 1.42117 0.74638
chr8 6000000 0.62631 1.64921 0.36139
chr8 6200000 1.28019 1.83296 -0.729929
chr8 6400000 0.164308 1.60308 0.0330072
chr8 6600000 0.59751 1.62488 -0.295528
chr8 6800000 0.85281 1.08938 0.570562
chr8 7000000 0 0 0
chr8 7200000 1.19334 1.27923 0.775359
chr8 7400000 0.575397 1.22934 -0.481288
chr8 7600000 1.12095 2.78331 -1.33644
chr8 7800000 0.570737 0.956983 1.33021
chr8 8000000 1.48849 1.39451 0.919228
chr8 8200000 1.0443 2.14837 1.21446
chr8 8400000 1.35893 2.18588 0.871666
chr8 8600000 0.756323 1.57795 0.758652
chr8 8800000 0.414213 0 1.44416
chr8 9000000 0.893078 1.56651 0.0690267
chr8 9200000 -0.00303376 1.71063 -0.346182
chr8 9400000 0.695693 0.87072 -0.520706
chr8 9600000 0.838726 1.91896 0.125756
chr8 9800000 0.979525 1.51788 -0.389271
chr8 10000000 0.806308 1.6801 -0.36408
chr8 10200000 -0.694397 1.72396 -0.95762
chr8 10400000 1.46624 0.750504 -0.140731
chr8 10600000 0.279809 1.34123 -0.460994
chr8 10800000 1.37296 2.16201 0.228472
chr8 11000000 -0.555942 1.70663 -1.04435
chr8 11200000 0 1.86714 1.28822
chr8 11400000 0 0 0
chr8 11600000 0.394814 2.50347 -1.13092
chr8 11800000 0 0 0
chr8 12000000 1.44416 2.13622 -1.17043
chr8 12200000 1.2509 -0.70207 1.8953
chr8 12400000 -1.75686 1.55404 0.302139
chr8 12600000 0 0 0
chr8 12800000 0 0 0
chr8 13000000 0 0 0
chr8 13200000 1.18057 1.69098 -0.992335
chr8 13400000 0 0 0
chr8 13600000 0.595574 1.35647 0.297151
chr8 13800000 1.43973 1.81879 1.54422
chr8 14000000 0.483231 0.85079 -0.887671
chr8 14200000 1.1665 1.64802 -0.726731
chr8 14400000 0.858988 2.25046 1.57131
chr8 14600000 1.28472 2.20676 -1.49089
chr8 14800000 0.0686273 1.68608 -0.781498
chr8 15000000 1.60077 2.37543 -1.02972
chr8 15200000 0.049475 2.31937 -1.09053
chr8 15400000 -0.408874 1.89536 -0.988429
chr8 15600000 1.52953 1.66896 -0.31886
chr8 15800000 0 1.56503 0
chr8 16000000 0 0 0
chr8 16200000 0 0 0
chr8 16400000 0 1.96671 1.02216
chr8 16600000 -0.541531 1.70055 -0.510605
chr8 16800000 0 0 0
chr8 17000000 -0.970361 2.40572 -1.38713
chr8 17200000 1.49918 1.58032 -0.9226
chr8 17400000 -0.203382 2.63998 -1.58168
chr8 17600000 -1.02972 2.52898 -1.37093
chr8 17800000 2.03475 1.99213 0.841437
chr8 18000000 1.37125 1.78552 0.53263
chr8 18200000 0 0 0
chr8 18400000 1.13593 2.04144 -1.02146
chr8 18600000 0.277477 2.05818 0.458166
chr8 18800000 0.785678 1.97767 0.242529
chr8 19000000 1.19708 1.31695 -0.266874
chr8 19200000 -0.219854 2.39971 -0.475783
chr8 19400000 1.00932 1.7931 0.877798
chr8 19600000 0.387056 2.22312 0.0792196
chr8 19800000 0.838697 0.998889 -0.226144
chr8 20000000 1.40632 2.18726 -0.46719
chr8 20200000 -1.35929 2.22248 -0.688374
chr8 20400000 0.0788134 1.00202 0.065177
chr8 20600000 0.782301 1.55511 -0.999212
chr8 20800000 0.729438 0.618584 -0.905296
chr8 21000000 0.846686 1.69533 -0.414553
chr8 21200000 0.306335 1.65505 -0.137648
chr8 21400000 1.36288 2.05756 0.838819
chr8 21600000 1.63909 1.80205 -0.242204
chr8 21800000 1.32436 1.39547 -0.929968
chr8 22000000 -0.167467 1.56758 -0.333926
chr8 22200000 -0.224863 1.82589 -1.08786
chr8 22400000 -0.530342 0.966062 1.91922
chr8 22600000 0.745741 1.95782 -0.472867
chr8 22800000 1.48165 1.26275 1.42058
chr8 23000000 0.261172 2.09999 -1.70118
chr8 23200000 0.805163 0.984529 -0.658923
chr8 23400000 1.00208 1.98494 -1.03979
chr8 23600000 0.249173 1.85833 -0.623403
chr8 23800000 0.436463 1.61271 -0.757148
chr8 24000000 0.948834 0.919121 -0.351434
chr8 24200000 0.127872 2.10171 -0.492561
chr8 24400000 0.411679 1.62555 -1.01509
chr8 24600000 0.388686 1.93541 -0.00242238
chr8 24800000 -0.382146 1.71572 -1.28207
chr8 25000000 0.934687 1.79817 0.554866
chr8 25200000 0.293754 1.58914 -1.05493
chr8 25400000 0.508263 1.43803 -0.813333
chr8 25600000 0.359339 1.85632 -0.870661
chr8 25800000 1.02203 1.76574 -0.275493
chr8 26000000 0.509885 1.07793 -0.024925
chr8 26200000 0.51488 1.2375 -0.768303
chr8 26400000 1.29832 1.46705 -0.713027
chr8 26600000 0 0 0
chr8 26800000 0.55171 1.66712 -0.517308
chr8 27000000 0.0576603 2.07049 -0.427106
chr8 27200000 0.878083 0.98306 -1.05733
chr8 27400000 0.426153 1.00321 -0.700198
chr8 27600000 0.319764 1.46399 -0.763596
chr8 27800000 0.461518 1.44132 -0.902587
chr8 28000000 -0.666052 1.64078 -1.15325
chr8 28200000 0.862743 1.114 -0.926905
chr8 28400000 -0.0729631 1.71503 -0.510054
chr8 28600000 0.250593 1.71272 -0.981798
chr8 28800000 0.072869 1.66818 -0.73377
chr8 29000000 0.0621503 1.6358 -0.852491
chr8 29200000 0.55975 1.31353 -0.480957
chr8 29400000 -0.4659 1.88823 -0.817331
chr8 29600000 0.0241773 1.65228 -1.19077
chr8 29800000 0.0664372 1.79823 -0.877411
chr8 30000000 0.627251 1.7544 -0.597955
chr8 30200000 0.368672 1.75064 -0.877107
chr8 30400000 0.474871 1.66397 -0.659738
chr8 30600000 -0.0157346 1.62362 -1.21264
chr8 30800000 0.206602 1.59837 -0.937868
chr8 31000000 0.0860407 1.98952 -1.2116
chr8 31200000 0.350528 1.64618 -1.05755
chr8 31400000 -0.467174 1.49731 -1.09508
chr9 0 0.425153 2.17128 -1.17635
chr9 200000 0.722914 1.68986 -0.825288
chr9 400000 0.0604256 1.75356 -1.09776
chr9 600000 0.753531 1.75777 -1.06435
chr9 800000 0.843056 1.45054 -1.152
chr9 1000000 0.454086 1.45054 -0.236087
chr9 1200000 0.350179 1.69653 -0.755832
chr9 1400000 0.339566 2.2049 -0.629727
chr9 1600000 0.311396 1.82248 -1.22269
chr9 1800000 0.0808509 1.97458 -1.01183
chr9 2000000 0.586542 1.64511 -1.06408
chr9 2200000 0.869262 1.72775 -0.212844
chr9 2400000 0.515493 1.57665 -0.999976
chr9 2600000 0.213282 1.6713 -1.05796
chr9 2800000 0.41975 1.78184 -0.184441
chr9 3000000 0.876888 1.74023 -0.863063
chr9 3200000 0.703389 1.58749 -0.786605
chr9 3400000 -0.113389 1.98694 -1.159
chr9 3600000 0.239463 1.73914 -1.12098
chr9 3800000 -0.0951807 1.82866 -0.718548
chr9 4000000 -0.284337 2.12045 -0.722677
chr9 4200000 0.820143 0.985052 -0.21316
chr9 4400000 0.193181 1.63278 -0.409028
chr9 4600000 0.62427 1.90629 -0.713057
chr9 4800000 1.10938 1.59011 -0.628281
chr9 5000000 0 0 0
chr9 5200000 0 0 0
chr9 5400000 0 0 0
chr9 5600000 -0.409535 1.78051 -1.43667
chr9 5800000 1.5625 2.00867 0.734084
chr9 6000000 0.177338 1.58302 0.455381
chr9 6200000 0.535655 1.53984 -1.00716
chr9 6400000 0.103677 1.91923 0.577604
chr9 6600000 0.235369 1.7135 0.0174125
chr9 6800000 1.18023 2.37004 -1.27987
chr9 7000000 0.225776 0.96021 -0.66793
chr9 7200000 1.50164 1.40253 0.982073
chr9 7400000 0.568358 1.57701 -1.11738
chr9 7600000 -0.3741 1.49187 -0.914035
chr9 7800000 0.809012 1.57869 -0.036345
chr9 8000000 0.238554 1.43738 0.385044
chr9 8200000 0.639191 1.18119 0.183148
chr9 8400000 -0.229267 1.873 -0.678085
chr9 8600000 0.69344 1.44513 -0.145316
chr9 8800000 -0.212533 1.74163 -1.10673
chr9 9000000 1.4397 0.722313 -0.343287
chr9 9200000 0.748248 1.22628 -0.490444
chr9 9400000 -0.304964 1.96497 -0.637077
chr9 9600000 -0.049879 1.7964 -0.84538
chr9 9800000 -0.0034842 1.17795 0.216689
chr9 10000000 0.104862 1.38818 -0.798704
chr9 10200000 0.70947 1.68476 -0.525993
chr9 10400000 0.334322 0.931393 -0.148081
chr9 10600000 -1.3289 1.66775 -1.72715
chr9 10800000 0 -0.330402 1.69719
chr9 11000000 0.466841 1.65531 -1.40959
chr9 11200000 0.371733 1.70927 -0.678938
chr9 11400000 1.18057 1.59134 0
chr9 11600000 1.68273 1.51661 1.44573
chr9 11800000 0.929239 0.800321 0.156237
chr9 12000000 1.46029 0.982594 -1.03419
chr9 12200000 1.33641 1.96385 -0.766776
chr9 12400000 1.74829 1.00842 -0.666812
chr9 12600000 0.673894 1.28776 -0.428816
chr9 12800000 0.138034 1.61462 -0.702069
chr9 13000000 1.89918 2.74222 0.469172
chr9 13200000 -0.335475 0.299125 1.39605
chr9 13400000 -0.697907 3.18106 -1.73131
chr9 13600000 -0.589327 2.13541 -0.914019
chr9 13800000 0 0 0
chr9 14000000 0 0 0
chr9 14200000 -0.352049 1.70017 -0.488705
chr9 14400000 0 0 0
chr9 14600000 1.59713 1.02023 0.045967
chr9 14800000 0.985674 1.8528 0.427731
chr9 15000000 0 0 0
chr9 15200000 0.75187 2.02619 -0.181657
chr9 15400000 0.277477 2.02486 -1.54665
chr9 15600000 0 1.56503 0
chr9 15800000 0 0 0
chr9 16000000 0.861473 1.75871 -0.677507
chr9 16200000 0.875279 0.738685 0.0636381
chr9 16400000 0.990879 1.69423 -0.142576
chr9 16600000 1.95077 1.93251 -0.471449
chr9 16800000 -0.447939 1.34802 -1.74148
chr9 17000000 -1.59524 1.66996 -1.13968
chr9 17200000 0.0795456 1.18214 -1.4393
chr9 17400000 0.36426 1.43516 -0.477072
chr9 17600000 0.0649745 2.06263 -0.507368
chr9 17800000 0 0 0
chr9 18000000 0.335287 1.38469 -0.492909
chr9 18200000 1.0469 2.14387 -1.54938
chr9 18400000 0.395054 2.61497 -1.59524
chr9 18600000 -0.0778732 1.88788 -0.985931
chr9 18800000 0 0 0
chr9 19000000 0 1.40548 -1.00801
chr9 19200000 0 0 0
chr9 19400000 0 1.52686 -0.967202
chr9 19600000 0.929043 1.21174 -0.788247
chr9 19800000 -0.710541 2.16856 -0.860024
chr9 20000000 0.555468 1.36052 -0.814249
chr9 20200000 0 0 0
chr9 20400000 1.02801 0.532739 0.343564
chr9 20600000 0.324939 1.38059 -0.324315
chr9 20800000 1.15441 0.523764 -1.54119
chr9 21000000 -0.104783 1.72833 -0.468212
chr9 21200000 -0.251715 1.52559 -0.727214
chr9 21400000 -0.0485347 1.89813 -0.80355
chr9 21600000 -0.29545 1.90981 -1.05138
chr9 21800000 0.364616 1.43205 -0.791549
chr9 22000000 0.0454649 1.60905 -0.990699
chr9 22200000 0.7344 1.66098 -1.23307
